0.5 0.5 0.5 1.0
126.572655 360.09555 -0.113953404 -2.5473554 1.0 20.0 0.0 0.0 0.6 1.0
164.8881 378.74838 -0.12646872 -2.5322385 1.0 20.0 0.0 0.0 0.6 1.0
161.87067 336.2264 -0.18592776 -2.5801249 1.0 20.0 0.0 0.0 0.6 1.0
200.20837 354.87787 -0.24419902 -2.605134 1.0 20.0 0.0 0.0 0.6 1.0
235.5321 331.0047 -0.37003434 -2.6150188 1.0 20.0 0.0 0.0 0.6 1.0
197.18729 312.35956 -0.29041073 -2.657348 1.0 20.0 0.0 0.0 0.6 1.0
232.49174 288.48953 -0.24513113 -2.5273871 1.0 20.0 0.0 0.0 0.6 1.0
270.83255 307.11935 -0.2860147 -2.255416 1.0 20.0 0.0 0.0 0.6 1.0
267.78622 264.6056 -0.246508 -2.242007 1.0 20.0 0.0 0.0 0.6 1.0
306.1336 283.23294 -0.29358703 -2.1699364 1.0 20.0 0.0 0.0 0.6 1.0
303.0788 240.71634 -0.3885838 -2.153003 1.0 20.0 0.0 0.0 0.6 1.0
373.60162 192.87325 -0.3052497 -1.5323553 1.0 20.0 0.0 0.0 0.6 1.0
338.3623 216.81694 -0.4698483 -2.0676653 1.0 20.0 0.0 0.0 0.6 1.0
376.72528 235.4023 -0.32301214 -2.1376965 1.0 20.0 0.0 0.0 0.6 1.0
341.4391 259.32968 -0.35670412 -2.314082 1.0 20.0 0.0 0.0 0.6 1.0
379.7909 277.94315 -0.13076416 -2.666104 1.0 20.0 0.0 0.0 0.6 1.0
344.489 301.8505 -0.11258269 -2.7239099 1.0 20.0 0.0 0.0 0.6 1.0
382.83206 320.47437 6.983898e-2 -3.107729 1.0 20.0 0.0 0.0 0.6 1.0
347.52667 344.36002 2.6246948e-2 -3.1304612 1.0 20.0 0.0 0.0 0.6 1.0
203.22629 397.3985 -4.2935528e-2 -2.6106932 1.0 20.0 0.0 0.0 0.6 1.0
238.55159 373.52478 -0.18919884 -2.7950616 1.0 20.0 0.0 0.0 0.6 1.0
276.88235 392.1654 7.734401e-3 -3.3893893 1.0 20.0 0.0 0.0 0.6 1.0
241.56477 416.0408 0.18114908 -2.9574826 1.0 20.0 0.0 0.0 0.6 1.0
385.85614 362.999 0.22665921 -3.5003264 1.0 20.0 0.0 0.0 0.6 1.0
350.53757 386.87656 0.22507963 -3.4999146 1.0 20.0 0.0 0.0 0.6 1.0
315.2242 410.78152 0.16805632 -3.7183576 1.0 20.0 0.0 0.0 0.6 1.0
279.90747 434.67584 0.36021093 -3.4504466 1.0 20.0 0.0 0.0 0.6 1.0
388.8833 405.51703 0.33968753 -3.8080575 1.0 20.0 0.0 0.0 0.6 1.0
353.57288 429.40387 0.31104213 -3.7931473 1.0 20.0 0.0 0.0 0.6 1.0
318.25412 453.2993 0.44348383 -3.7352517 1.0 20.0 0.0 0.0 0.6 1.0
391.91733 448.03915 0.45085245 -4.0474253 1.0 20.0 0.0 0.0 0.6 1.0
356.6011 471.91956 0.5460353 -3.9100535 1.0 20.0 0.0 0.0 0.6 1.0
394.9256 490.54498 0.6758406 -4.1707025 1.0 20.0 0.0 0.0 0.6 1.0  
