0.5 0.5 0.5 1.0
248.02696 1.9557256e-2 -23.877367 0.66519606 1.0 20.0 0.0 0.0 0.0 1.0
455.8279 9.888355e-3 -45.35195 -2.2210817 1.0 20.0 0.0 0.0 0.0 1.0
272.78867 2.7857922e-2 -51.248894 -0.64305043 1.0 20.0 0.0 0.0 0.0 1.0
224.90224 1.2900561e-2 32.088375 0.6619223 1.0 20.0 0.0 0.0 0.0 1.0
111.725586 35.459984 -48.671318 20.684958 1.0 20.0 0.0 0.0 0.0 1.0
511.9511 46.001606 -38.84203 -53.071064 1.0 20.0 0.0 0.0 0.0 1.0
326.67453 39.00959 -12.201024 53.18305 1.0 20.0 0.0 0.0 0.0 1.0
183.69289 4.9776286e-3 4.1880255 0.6731931 1.0 20.0 0.0 0.0 0.0 1.0
488.11163 7.3012672e-3 11.751992 0.20531976 1.0 20.0 0.0 0.0 0.0 1.0
91.50437 1.2757737e-2 23.71168 0.38050056 1.0 20.0 0.0 0.0 0.0 1.0
451.94022 1.8531317e-2 18.450495 0.61882836 1.0 20.0 0.0 0.0 0.0 1.0
462.31927 53.01285 -42.314243 21.325008 1.0 20.0 0.0 0.0 0.0 1.0
280.01334 1.03046e-3 -11.386516 0.6111349 1.0 20.0 0.0 0.0 0.0 1.0
485.72946 1.15405e-2 50.18196 0.30718875 1.0 20.0 0.0 0.0 0.0 1.0
413.88055 5.929283e-2 6.578321 0.20162725 1.0 20.0 0.0 0.0 0.0 1.0
327.1503 2.1020066e-2 -34.23103 0.6018302 1.0 20.0 0.0 0.0 0.0 1.0
71.40063 6.9354903e-3 -21.231474 0.11513424 1.0 20.0 0.0 0.0 0.0 1.0
443.1952 9.717115 5.5512123 4.4819117 1.0 20.0 0.0 0.0 0.0 1.0
72.00315 23.501644 13.674488 -16.917276 1.0 20.0 0.0 0.0 0.0 1.0
462.37125 5.28646e-2 -19.903593 -1.7676445 1.0 20.0 0.0 0.0 0.0 1.0
107.96751 1.1989965e-2 -18.580296 0.33840388 1.0 20.0 0.0 0.0 0.0 1.0
40.8907 6.5119085e-3 -4.4492188 -0.18008089 1.0 20.0 0.0 0.0 0.0 1.0
597.2766 31.686926 -9.152859 -44.651672 1.0 20.0 0.0 0.0 0.0 1.0
96.24685 6.1518787e-3 -17.479683 0.31654352 1.0 20.0 0.0 0.0 0.0 1.0
32.230606 3.2739826e-3 20.730558 0.18394154 1.0 20.0 0.0 0.0 0.0 1.0
22.63297 1.6350359e-2 12.227537 -0.2158544 1.0 20.0 0.0 0.0 0.0 1.0
356.6921 25.787664 -31.00483 11.1706295 1.0 20.0 0.0 0.0 0.0 1.0
14.209679 0.3170373 -27.243162 -1.0067743 1.0 20.0 0.0 0.0 0.0 1.0
545.7319 1.4029677e-2 -15.416668 0.554484 1.0 20.0 0.0 0.0 0.0 1.0
135.6295 2.5836235e-2 -9.781213 -9.691858e-2 1.0 20.0 0.0 0.0 0.0 1.0
156.31058 2.7409086 -0.6058889 -29.562279 1.0 20.0 0.0 0.0 0.0 1.0
49.7716 3.4395065e-3 17.866312 -1.178093 1.0 20.0 0.0 0.0 0.0 1.0
451.11234 1.4364742e-2 -9.785286 0.6171485 1.0 20.0 0.0 0.0 0.0 1.0
210.8213 41.377373 -28.31554 75.125404 1.0 20.0 0.0 0.0 0.0 1.0
366.54495 8.418237e-3 4.381326 0.3199786 1.0 20.0 0.0 0.0 0.0 1.0
96.56845 3.345191e-2 0.39406762 1.0297897 1.0 20.0 0.0 0.0 0.0 1.0
521.31195 1.6366975e-2 -27.41981 0.6705235 1.0 20.0 0.0 0.0 0.0 1.0
593.7914 9.820131e-3 1.8079572 -0.34956193 1.0 20.0 0.0 0.0 0.0 1.0
404.33618 3.6425617e-2 -12.709486 -0.1651938 1.0 20.0 0.0 0.0 0.0 1.0
186.69305 2.2138968e-2 -16.383871 0.67061985 1.0 20.0 0.0 0.0 0.0 1.0
253.10283 8.463241e-3 -35.021027 0.6658836 1.0 20.0 0.0 0.0 0.0 1.0
9.0771064e-2 3.4202635e-4 -0.19217074 -1.0321577 1.0 20.0 0.0 0.0 0.0 1.0
115.10337 3.4467112e-3 -4.153934 0.1905142 1.0 20.0 0.0 0.0 0.0 1.0
552.49347 1.060171e-2 -7.4786468 0.44393158 1.0 20.0 0.0 0.0 0.0 1.0
458.94473 3.3122912e-2 -17.13422 1.2637948 1.0 20.0 0.0 0.0 0.0 1.0
322.2211 45.551403 -27.866377 37.871525 1.0 20.0 0.0 0.0 0.0 1.0
439.38034 5.148251e-2 37.721558 0.43966317 1.0 20.0 0.0 0.0 0.0 1.0
236.08922 1.0268705e-2 -27.245975 0.6668186 1.0 20.0 0.0 0.0 0.0 1.0
264.28326 4.894834e-3 26.299458 -1.2347356 1.0 20.0 0.0 0.0 0.0 1.0
565.3709 2.4571083e-5 17.764242 0.32036102 1.0 20.0 0.0 0.0 0.0 1.0
580.2518 34.3062 24.322906 -44.34138 1.0 20.0 0.0 0.0 0.0 1.0
399.07208 28.208698 1.5958219 -16.96006 1.0 20.0 0.0 0.0 0.0 1.0
353.70932 6.0955133 -44.85391 6.3957634 1.0 20.0 0.0 0.0 0.0 1.0
251.38034 0.1171681 19.024199 4.1770782 1.0 20.0 0.0 0.0 0.0 1.0
567.89124 5.516367e-2 -11.264535 0.406147 1.0 20.0 0.0 0.0 0.0 1.0
316.8632 2.4121758e-2 54.08431 1.2303298 1.0 20.0 0.0 0.0 0.0 1.0
58.422073 2.6327275e-2 21.965525 0.4327674 1.0 20.0 0.0 0.0 0.0 1.0
243.46472 2.1209856e-2 -18.229652 0.6659419 1.0 20.0 0.0 0.0 0.0 1.0
553.57306 7.556912 -15.492305 -28.34175 1.0 20.0 0.0 0.0 0.0 1.0
372.98575 8.614783e-3 -1.3680329 0.433416 1.0 20.0 0.0 0.0 0.0 1.0
545.0671 43.383644 -5.654071 15.919029 1.0 20.0 0.0 0.0 0.0 1.0
582.7234 77.16405 12.3877325 -0.50535274 1.0 20.0 0.0 0.0 0.0 1.0
519.0246 2.4859754e-2 -25.214159 -0.65145934 1.0 20.0 0.0 0.0 0.0 1.0
445.10495 40.220764 -7.2038574 46.581238 1.0 20.0 0.0 0.0 0.0 1.0
590.57886 6.6112727e-3 -2.9216971 -0.97365105 1.0 20.0 0.0 0.0 0.0 1.0
233.36792 0.3106229 4.2616773 1.9808469 1.0 20.0 0.0 0.0 0.0 1.0
240.54984 1.5044906e-2 59.83516 0.666616 1.0 20.0 0.0 0.0 0.0 1.0
201.48015 1.1639416e-2 -39.789406 0.66540813 1.0 20.0 0.0 0.0 0.0 1.0
176.65402 2.7763415e-2 35.645523 0.70469034 1.0 20.0 0.0 0.0 0.0 1.0
551.1535 6.493591e-4 29.909384 -1.7044153 1.0 20.0 0.0 0.0 0.0 1.0
74.73747 4.050394e-3 -4.941726 0.26840055 1.0 20.0 0.0 0.0 0.0 1.0
362.0905 1.0163803e-2 -15.863866 -0.26537955 1.0 20.0 0.0 0.0 0.0 1.0
107.52348 3.6016046e-3 -50.820557 0.13504744 1.0 20.0 0.0 0.0 0.0 1.0
514.3358 2.2779118e-2 29.322512 -0.6555884 1.0 20.0 0.0 0.0 0.0 1.0
286.6502 1.2142424e-2 21.241531 1.126232 1.0 20.0 0.0 0.0 0.0 1.0
286.0231 2.0603787e-2 12.618873 -0.56760967 1.0 20.0 0.0 0.0 0.0 1.0
329.51135 5.903889e-3 11.368991 0.3070935 1.0 20.0 0.0 0.0 0.0 1.0
485.8177 2.05285 -30.44619 -0.8375418 1.0 20.0 0.0 0.0 0.0 1.0
322.75092 3.231828e-2 16.226398 0.8156774 1.0 20.0 0.0 0.0 0.0 1.0
399.58386 39.88802 20.949411 37.50615 1.0 20.0 0.0 0.0 0.0 1.0
309.84595 1.5535848e-3 -55.925224 0.3065471 1.0 20.0 0.0 0.0 0.0 1.0
486.84933 32.988583 -3.7787073 39.8394 1.0 20.0 0.0 0.0 0.0 1.0
431.3583 1.3616177e-2 -75.00142 0.6141487 1.0 20.0 0.0 0.0 0.0 1.0
556.88367 8.673597e-3 -11.531086 0.40635872 1.0 20.0 0.0 0.0 0.0 1.0
104.90741 1.4706699e-2 8.613918 0.40058327 1.0 20.0 0.0 0.0 0.0 1.0
202.28424 1.7631495e-2 16.065296 0.66517186 1.0 20.0 0.0 0.0 0.0 1.0
218.67998 1.6528608e-2 -32.154903 0.67067873 1.0 20.0 0.0 0.0 0.0 1.0
211.47514 6.514689e-2 -30.511074 -8.595604 1.0 20.0 0.0 0.0 0.0 1.0
199.4138 0.27743286 25.800444 -3.5762243 1.0 20.0 0.0 0.0 0.0 1.0
428.24435 2.3760509e-2 -44.034218 0.61976075 1.0 20.0 0.0 0.0 0.0 1.0
164.04375 53.667534 -1.4865189 0.19145966 1.0 20.0 0.0 0.0 0.0 1.0
138.80162 1.7243791e-3 -22.535057 0.25022137 1.0 20.0 0.0 0.0 0.0 1.0
293.19598 38.555733 -5.8954434 3.39439 1.0 20.0 0.0 0.0 0.0 1.0
23.157236 1.2738613e-2 -20.64517 0.23521638 1.0 20.0 0.0 0.0 0.0 1.0
510.15295 3.515691 -3.9753866 -5.50611 1.0 20.0 0.0 0.0 0.0 1.0
316.2608 59.152176 -31.520296 34.610073 1.0 20.0 0.0 0.0 0.0 1.0
497.55978 58.01377 47.474934 -8.449666 1.0 20.0 0.0 0.0 0.0 1.0
351.5495 6.261822e-3 46.817753 0.20077813 1.0 20.0 0.0 0.0 0.0 1.0
347.85718 1.701314e-2 43.594383 0.6028611 1.0 20.0 0.0 0.0 0.0 1.0
516.2253 0.1303348 4.6094604 9.541262 1.0 20.0 0.0 0.0 0.0 1.0
528.28845 41.37367 31.209126 36.480682 1.0 20.0 0.0 0.0 0.0 1.0
5.8940673 1.5626457e-3 34.069317 0.4051869 1.0 20.0 0.0 0.0 0.0 1.0
2.9916892e-2 1.5502572e-3 0.76994044 -1.849242 1.0 20.0 0.0 0.0 0.0 1.0
223.338 2.2436203e-2 23.916325 0.66587883 1.0 20.0 0.0 0.0 0.0 1.0
485.05453 8.705325e-2 7.444395 0.18389726 1.0 20.0 0.0 0.0 0.0 1.0
142.60603 3.3120336e-3 13.888984 0.43815506 1.0 20.0 0.0 0.0 0.0 1.0
303.35007 48.503345 12.164752 53.796844 1.0 20.0 0.0 0.0 0.0 1.0
411.55246 1.4448437e-2 2.738749 0.42850423 1.0 20.0 0.0 0.0 0.0 1.0
157.2924 6.346562 1.7780315 -20.091349 1.0 20.0 0.0 0.0 0.0 1.0
581.67334 3.3201214e-2 -33.300842 0.22051072 1.0 20.0 0.0 0.0 0.0 1.0
581.85443 8.58162e-3 -14.599174 0.21772206 1.0 20.0 0.0 0.0 0.0 1.0
148.31331 0.1279847 -9.675668 0.41806316 1.0 20.0 0.0 0.0 0.0 1.0
63.23093 7.878881e-2 35.161835 1.1622665 1.0 20.0 0.0 0.0 0.0 1.0
372.053 1.2562703e-3 -13.199699 -0.7336886 1.0 20.0 0.0 0.0 0.0 1.0
299.49454 1.1801509e-2 -14.389997 0.4818521 1.0 20.0 0.0 0.0 0.0 1.0
342.40332 1.9037081e-3 -20.107145 -0.41132593 1.0 20.0 0.0 0.0 0.0 1.0
487.02893 0.123108365 12.771622 -2.791172 1.0 20.0 0.0 0.0 0.0 1.0
413.443 3.1994562 -4.3556185 -11.947225 1.0 20.0 0.0 0.0 0.0 1.0
101.32521 26.796486 -10.285412 -7.3352475 1.0 20.0 0.0 0.0 0.0 1.0
205.98497 45.851746 -32.449795 -8.504591 1.0 20.0 0.0 0.0 0.0 1.0
135.9108 1.0654618 -47.19485 4.010308 1.0 20.0 0.0 0.0 0.0 1.0
385.6881 4.947936e-2 -9.109474 1.511435 1.0 20.0 0.0 0.0 0.0 1.0
55.3955 1.310965e-2 -26.89245 0.17184234 1.0 20.0 0.0 0.0 0.0 1.0
315.71725 1.2824207e-2 14.674922 0.5194146 1.0 20.0 0.0 0.0 0.0 1.0
39.664932 1.0087045e-2 -1.8680419 0.9273878 1.0 20.0 0.0 0.0 0.0 1.0
67.362015 1.46207e-3 -21.563787 5.2792072e-2 1.0 20.0 0.0 0.0 0.0 1.0
237.26363 55.900246 -83.69153 28.791452 1.0 20.0 0.0 0.0 0.0 1.0
585.6052 4.3484783e-3 -20.745495 0.22662896 1.0 20.0 0.0 0.0 0.0 1.0
482.53802 1.3357518e-2 -7.415045 -0.4407053 1.0 20.0 0.0 0.0 0.0 1.0
195.56291 1.57036e-2 11.939982 0.6680934 1.0 20.0 0.0 0.0 0.0 1.0
128.8108 21.659191 37.359177 -44.3143 1.0 20.0 0.0 0.0 0.0 1.0
307.99704 0.1686343 38.507236 -2.248835 1.0 20.0 0.0 0.0 0.0 1.0
572.07434 1.247194 45.089806 12.221671 1.0 20.0 0.0 0.0 0.0 1.0
536.797 1.5660435e-2 11.835352 0.6416945 1.0 20.0 0.0 0.0 0.0 1.0
502.13406 4.7817397 -11.160547 4.3453674 1.0 20.0 0.0 0.0 0.0 1.0
312.72705 50.782997 29.556076 -25.05899 1.0 20.0 0.0 0.0 0.0 1.0
581.0169 2.4699792e-4 -35.590874 -0.41973066 1.0 20.0 0.0 0.0 0.0 1.0
557.2422 27.506126 12.85727 32.935432 1.0 20.0 0.0 0.0 0.0 1.0
509.2337 1.4503633e-2 5.5075207 0.6335012 1.0 20.0 0.0 0.0 0.0 1.0
300.921 2.2497043e-2 -18.354212 0.9202746 1.0 20.0 0.0 0.0 0.0 1.0
530.0044 1.1218657e-2 -38.50643 -0.68789923 1.0 20.0 0.0 0.0 0.0 1.0
280.7053 46.45511 24.883274 -24.517145 1.0 20.0 0.0 0.0 0.0 1.0
427.87274 4.5849636e-2 22.964808 1.2482588 1.0 20.0 0.0 0.0 0.0 1.0
102.76742 37.113388 19.292494 15.119583 1.0 20.0 0.0 0.0 0.0 1.0
57.086884 30.104155 5.968633 -53.43771 1.0 20.0 0.0 0.0 0.0 1.0
341.60117 53.250427 -66.56624 6.5933485 1.0 20.0 0.0 0.0 0.0 1.0
346.05173 5.634176e-3 33.625015 0.1484431 1.0 20.0 0.0 0.0 0.0 1.0
12.303341 6.1601372e-3 -1.4307578 -0.16061449 1.0 20.0 0.0 0.0 0.0 1.0
571.2991 41.558167 -16.900751 30.140366 1.0 20.0 0.0 0.0 0.0 1.0
389.94495 9.649788e-3 39.11738 0.45818102 1.0 20.0 0.0 0.0 0.0 1.0
599.22766 1.6462542e-2 16.115026 0.54554147 1.0 20.0 0.0 0.0 0.0 1.0
32.043194 29.018457 28.648548 -31.782558 1.0 20.0 0.0 0.0 0.0 1.0
323.04947 26.979301 -19.686132 -18.198242 1.0 20.0 0.0 0.0 0.0 1.0
269.8623 1.7556716e-2 -1.341384 0.6576083 1.0 20.0 0.0 0.0 0.0 1.0
19.149181 2.0265884e-3 8.659945 8.1952035e-2 1.0 20.0 0.0 0.0 0.0 1.0
383.3069 3.6687493e-2 37.316673 1.4697651 1.0 20.0 0.0 0.0 0.0 1.0
583.93475 47.003357 -19.899113 -4.162164 1.0 20.0 0.0 0.0 0.0 1.0
589.15326 2.6328592e-3 -18.58452 -0.4188136 1.0 20.0 0.0 0.0 0.0 1.0
488.71005 56.31741 35.320137 28.88047 1.0 20.0 0.0 0.0 0.0 1.0
69.683334 18.843285 -6.598499 -31.493317 1.0 20.0 0.0 0.0 0.0 1.0
594.76746 39.89887 -0.46550602 -46.56346 1.0 20.0 0.0 0.0 0.0 1.0
61.356762 3.2877296e-2 -22.823969 0.90825033 1.0 20.0 0.0 0.0 0.0 1.0
550.6651 41.521675 -26.205978 -4.5623116 1.0 20.0 0.0 0.0 0.0 1.0
145.84741 9.43706e-3 -11.124074 0.36652654 1.0 20.0 0.0 0.0 0.0 1.0
13.508558 24.001022 -18.506971 -65.775 1.0 20.0 0.0 0.0 0.0 1.0
207.4803 2.1719094e-2 -21.871477 0.6764249 1.0 20.0 0.0 0.0 0.0 1.0
235.15257 48.40093 -14.291902 38.34135 1.0 20.0 0.0 0.0 0.0 1.0
433.365 50.153637 -34.7164 3.6727777 1.0 20.0 0.0 0.0 0.0 1.0
405.43167 2.9534376 -23.106693 -14.851476 1.0 20.0 0.0 0.0 0.0 1.0
563.3156 34.7948 3.1487577 -26.429981 1.0 20.0 0.0 0.0 0.0 1.0
282.54736 1.4402263e-2 -42.50205 0.58925587 1.0 20.0 0.0 0.0 0.0 1.0
177.69841 2.4324032e-2 -31.413422 0.6926439 1.0 20.0 0.0 0.0 0.0 1.0
375.50974 39.892105 -39.165874 21.684416 1.0 20.0 0.0 0.0 0.0 1.0
240.08928 1.379155e-2 16.922707 0.6656922 1.0 20.0 0.0 0.0 0.0 1.0
588.7241 21.817999 34.246624 -49.162514 1.0 20.0 0.0 0.0 0.0 1.0
334.97458 2.3614805e-2 -22.934135 -1.6030073e-2 1.0 20.0 0.0 0.0 0.0 1.0
152.95216 6.893628 -9.145443 -18.392443 1.0 20.0 0.0 0.0 0.0 1.0
302.3876 14.84853 9.890414 20.873535 1.0 20.0 0.0 0.0 0.0 1.0
120.346436 4.724307e-3 2.042908 0.2659772 1.0 20.0 0.0 0.0 0.0 1.0
20.442595 45.216297 4.6795464 21.132233 1.0 20.0 0.0 0.0 0.0 1.0
493.03604 34.066853 -24.14089 -0.11243296 1.0 20.0 0.0 0.0 0.0 1.0
522.63043 42.190063 43.624615 -35.20476 1.0 20.0 0.0 0.0 0.0 1.0