0.5 0.5 0.5 1.0
2.2021713e-2 254.876 -1.1937037 -1.7130117 1.0 30.0 0.0 0.0 0.6 1.0
1.4479514e-2 90.45226 0.6690373 -1.1718178 1.0 30.0 0.0 0.0 0.6 1.0
399.98422 163.77052 -1.2732326 -6.187521 1.0 30.0 0.0 0.0 0.6 1.0
298.6534 87.72188 4.180872 3.2299223 1.0 30.0 0.0 0.0 0.6 1.0
247.03096 85.096 4.250611 1.6539192 1.0 30.0 0.0 0.0 0.6 1.0
399.869 197.28554 -1.4081253 -5.4646254 1.0 30.0 0.0 0.0 0.6 1.0
4.9440708e-2 91.410576 0.6662093 -0.85114384 1.0 30.0 0.0 0.0 0.6 1.0
147.01744 86.26255 4.0927267 -1.3643141 1.0 30.0 0.0 0.0 0.6 1.0
146.39836 86.46006 4.145698 -1.4930029 1.0 30.0 0.0 0.0 0.6 1.0
351.1636 86.844734 2.5881565 4.8776636 1.0 30.0 0.0 0.0 0.6 1.0
195.66284 48.10704 5.2742133 -0.7832804 1.0 30.0 0.0 0.0 0.6 1.0
171.56284 127.567696 0.48160318 -0.87773895 1.0 30.0 0.0 0.0 0.6 1.0
121.715126 133.91313 -7.6409906e-2 -2.1443214 1.0 30.0 0.0 0.0 0.6 1.0
31.466852 132.28459 -1.768156 -4.896063 1.0 30.0 0.0 0.0 0.6 1.0
1.0876786e-2 130.51784 0.61245674 -1.7290459 1.0 30.0 0.0 0.0 0.6 1.0
223.47057 44.46559 9.350078 0.61870384 1.0 30.0 0.0 0.0 0.6 1.0
292.48148 48.586155 4.494682 -0.3761568 1.0 30.0 0.0 0.0 0.6 1.0
102.477745 49.321575 3.5144515 -0.91762257 1.0 30.0 0.0 0.0 0.6 1.0
7.876426e-3 47.428886 1.5907639 -3.8196564e-2 1.0 30.0 0.0 0.0 0.6 1.0
48.468628 89.13195 1.47943 -5.15886 1.0 30.0 0.0 0.0 0.6 1.0
6.6102244e-2 145.40132 0.6674425 1.0438004 1.0 30.0 0.0 0.0 0.6 1.0
67.10733 134.41728 -1.4147705 -6.416931 1.0 30.0 0.0 0.0 0.6 1.0
171.40572 44.75035 8.6740265 -0.4028721 1.0 30.0 0.0 0.0 0.6 1.0
366.2016 45.03698 2.0663261 2.0452776 1.0 30.0 0.0 0.0 0.6 1.0
269.24927 44.387264 7.7172894 1.4216995 1.0 30.0 0.0 0.0 0.6 1.0
126.699745 44.732044 7.142505 -1.0967054 1.0 30.0 0.0 0.0 0.6 1.0
96.30622 89.229416 3.3118896 -2.7527351 1.0 30.0 0.0 0.0 0.6 1.0
47.66646 89.620125 1.5226203 -5.098115 1.0 30.0 0.0 0.0 0.6 1.0
172.06342 44.71512 9.056419 -0.44048214 1.0 30.0 0.0 0.0 0.6 1.0
150.23326 0.116295904 8.883789 1.4829662 1.0 30.0 0.0 0.0 0.6 1.0
199.62239 2.370216e-2 10.081819 1.2366992 1.0 30.0 0.0 0.0 0.6 1.0
198.70341 0.1523732 10.2330675 -4.4608326 1.0 30.0 0.0 0.0 0.6 1.0
347.27573 8.8181384e-2 3.862992 1.1193744 1.0 30.0 0.0 0.0 0.6 1.0
399.9551 5.7000794e-2 -0.54379386 1.0900087 1.0 30.0 0.0 0.0 0.6 1.0
248.20923 0.13532601 9.260107 1.4350846 1.0 30.0 0.0 0.0 0.6 1.0
149.4556 1.4388561e-4 8.828321 1.4412802 1.0 30.0 0.0 0.0 0.6 1.0
102.86869 0.10464386 7.0966916 1.2804339 1.0 30.0 0.0 0.0 0.6 1.0
74.92008 45.080658 5.2958326 -2.0512428 1.0 30.0 0.0 0.0 0.6 1.0
34.077385 46.367676 1.7107261 -2.7089128 1.0 30.0 0.0 0.0 0.6 1.0
31.006716 45.471363 1.9897559 -2.438158 1.0 30.0 0.0 0.0 0.6 1.0
125.901665 44.7618 7.73203 -1.0929594 1.0 30.0 0.0 0.0 0.6 1.0
197.86594 6.486046e-2 10.111634 2.2656732 1.0 30.0 0.0 0.0 0.6 1.0
333.9929 1.8640578e-2 3.0055985 1.6696354 1.0 30.0 0.0 0.0 0.6 1.0
349.32394 9.043317e-2 3.5228062 1.1336249 1.0 30.0 0.0 0.0 0.6 1.0
0.15861897 48.06573 1.6581305 -6.8696976e-2 1.0 30.0 0.0 0.0 0.6 1.0
48.90427 0.2426137 3.8501446 2.4331594 1.0 30.0 0.0 0.0 0.6 1.0
75.49336 45.038334 5.452245 -2.1059875 1.0 30.0 0.0 0.0 0.6 1.0
150.95798 2.6200235e-2 8.907786 1.4464793 1.0 30.0 0.0 0.0 0.6 1.0
399.99713 3.6745884e-2 2.3082108 1.2481383 1.0 30.0 0.0 0.0 0.6 1.0
298.16858 0.11048989 7.4077744 1.2037921 1.0 30.0 0.0 0.0 0.6 1.0
246.56491 2.8798468e-2 9.333539 1.3684301 1.0 30.0 0.0 0.0 0.6 1.0
38.200737 2.2951007e-2 -0.19453305 1.6440598 1.0 30.0 0.0 0.0 0.6 1.0
52.23593 2.230008e-2 4.8207364 1.1269417 1.0 30.0 0.0 0.0 0.6 1.0
6.1242282e-3 0.10366995 0.6357896 1.3727626 1.0 30.0 0.0 0.0 0.6 1.0
63.107616 0.15747193 2.3065562 1.7033657 1.0 30.0 0.0 0.0 0.6 1.0
100.510895 0.2528575 7.241237 2.5530307 1.0 30.0 0.0 0.0 0.6 1.0
297.08118 3.2847576e-2 7.7930164 1.124868 1.0 30.0 0.0 0.0 0.6 1.0
399.95615 9.351394e-2 -0.546901 1.3991214 1.0 30.0 0.0 0.0 0.6 1.0
361.16806 6.323345e-2 0.23640461 1.5002124 1.0 30.0 0.0 0.0 0.6 1.0
4.7678463e-2 6.5424696e-2 0.65801996 2.4316928 1.0 30.0 0.0 0.0 0.6 1.0
1.6287543e-2 4.143577e-2 1.1477712 1.1036742 1.0 30.0 0.0 0.0 0.6 1.0
101.36909 2.1405868e-2 7.459304 1.1502168 1.0 30.0 0.0 0.0 0.6 1.0
247.31375 9.9464916e-2 9.290837 1.4024955 1.0 30.0 0.0 0.0 0.6 1.0
38.675472 173.82362 0.53044283 -3.7979288 1.0 30.0 0.0 0.0 0.6 1.0
40.766075 218.64221 1.7238376 -5.0670156 1.0 30.0 0.0 0.0 0.6 1.0
172.59717 132.73183 7.216042e-2 -0.68907166 1.0 30.0 0.0 0.0 0.6 1.0
199.36092 170.03812 -0.45429906 0.675787 1.0 30.0 0.0 0.0 0.6 1.0
399.88745 137.2219 -1.39018 -1.8502598 1.0 30.0 0.0 0.0 0.6 1.0
399.97864 241.04889 -0.85519475 -3.3517714 1.0 30.0 0.0 0.0 0.6 1.0
399.848 50.0282 -1.9308032 -0.4243765 1.0 30.0 0.0 0.0 0.6 1.0
295.0574 3.979125e-2 6.8014884 1.0763257 1.0 30.0 0.0 0.0 0.6 1.0
223.98756 44.484478 8.998623 0.58455276 1.0 30.0 0.0 0.0 0.6 1.0
196.3589 88.13794 4.92717 0.34676552 1.0 30.0 0.0 0.0 0.6 1.0
326.76526 176.55829 0.5909601 6.711504 1.0 30.0 0.0 0.0 0.6 1.0
279.42877 204.11494 3.2611406 4.48909 1.0 30.0 0.0 0.0 0.6 1.0
74.33231 133.27332 -1.693136 -5.6053495 1.0 30.0 0.0 0.0 0.6 1.0
123.387405 257.82288 4.8444076 -5.7210045 1.0 30.0 0.0 0.0 0.6 1.0
202.27951 216.9992 6.14349 0.11957073 1.0 30.0 0.0 0.0 0.6 1.0
324.43716 129.0769 -1.7037494 5.3921795 1.0 30.0 0.0 0.0 0.6 1.0
399.94897 93.18679 -0.57296723 0.76935005 1.0 30.0 0.0 0.0 0.6 1.0
350.08926 252.56528 5.6410437 2.0473413 1.0 30.0 0.0 0.0 0.6 1.0
255.78403 169.83318 -0.20469429 2.876256 1.0 30.0 0.0 0.0 0.6 1.0
53.638187 263.1799 3.59484 -6.6705503 1.0 30.0 0.0 0.0 0.6 1.0
322.55133 44.74922 5.754488 2.739706 1.0 30.0 0.0 0.0 0.6 1.0
360.1247 166.18895 -0.21452042 2.1422234 1.0 30.0 0.0 0.0 0.6 1.0
333.39438 128.53276 -1.7384657 5.945856 1.0 30.0 0.0 0.0 0.6 1.0
232.0072 179.08867 2.7580209 1.7669573 1.0 30.0 0.0 0.0 0.6 1.0
299.00082 168.00981 -1.6467836 4.365205 1.0 30.0 0.0 0.0 0.6 1.0
284.34848 252.27756 7.7090487 5.2541466 1.0 30.0 0.0 0.0 0.6 1.0
85.74277 225.81541 1.6704965 -6.3475246 1.0 30.0 0.0 0.0 0.6 1.0
4.0116467e-2 211.30472 -3.5935602 -0.54054546 1.0 30.0 0.0 0.0 0.6 1.0
71.642975 183.7009 -0.3763193 -7.4118824 1.0 30.0 0.0 0.0 0.6 1.0
101.0069 173.79027 -2.374857 -4.3380165 1.0 30.0 0.0 0.0 0.6 1.0
97.260185 89.31816 3.4871807 -2.8149757 1.0 30.0 0.0 0.0 0.6 1.0
162.46606 227.8047 4.2656555 -4.628847 1.0 30.0 0.0 0.0 0.6 1.0
318.86105 218.00545 4.8168006 4.8238974 1.0 30.0 0.0 0.0 0.6 1.0
275.80377 130.75468 0.24520296 2.491497 1.0 30.0 0.0 0.0 0.6 1.0
362.66205 207.48685 5.1089196 0.6850424 1.0 30.0 0.0 0.0 0.6 1.0
142.5762 172.22961 -1.2219038 -1.916791 1.0 30.0 0.0 0.0 0.6 1.0
169.98485 181.39105 1.5399086 -1.1425533 1.0 30.0 0.0 0.0 0.6 1.0
242.8165 224.79517 6.258725 4.6311674 1.0 30.0 0.0 0.0 0.6 1.0
124.03411 208.77292 1.0797225 -3.839385 1.0 30.0 0.0 0.0 0.6 1.0
122.694626 128.18127 7.79964e-2 -1.8396444 1.0 30.0 0.0 0.0 0.6 1.0
1.4741436e-2 180.9324 0.94786084 -1.2457609 1.0 30.0 0.0 0.0 0.6 1.0
322.0531 44.76612 5.964293 2.741869 1.0 30.0 0.0 0.0 0.6 1.0
223.54529 131.23285 0.2637104 1.6624775 1.0 30.0 0.0 0.0 0.6 1.0
299.88348 87.81271 3.9694033 3.0108643 1.0 30.0 0.0 0.0 0.6 1.0
197.4716 88.10732 4.903977 7.7632904e-2 1.0 30.0 0.0 0.0 0.6 1.0
399.96194 49.30776 -1.8850882 -0.60748863 1.0 30.0 0.0 0.0 0.6 1.0
399.99747 96.419075 -0.5134165 -0.83110714 1.0 30.0 0.0 0.0 0.6 1.0
247.73524 85.232605 4.306571 1.855608 1.0 30.0 0.0 0.0 0.6 1.0
224.06682 126.384796 0.5099962 1.6964788 1.0 30.0 0.0 0.0 0.6 1.0
372.9556 129.47903 -2.0854135 2.5194988 1.0 30.0 0.0 0.0 0.6 1.0
368.27768 44.515366 2.372383 2.0527143 1.0 30.0 0.0 0.0 0.6 1.0
270.0237 44.387066 8.155571 1.4097881 1.0 30.0 0.0 0.0 0.6 1.0
273.30704 126.05903 0.26323846 1.9658003 1.0 30.0 0.0 0.0 0.6 1.0
349.6778 86.55919 2.5873034 4.811882 1.0 30.0 0.0 0.0 0.6 1.0