0.5 0.5 0.5 1.0
9.50822e8 0.0 6.4180488e7 3.9617585e9 0.0 0.19999999 

23.232094 297.79218 -0.40770435 0.19761205 1.0 20.0 0.0 0.0 0.6 1.0
54.882614 300.102 -0.40285417 0.19091865 1.0 20.0 0.0 0.0 0.6 1.0
86.71129 302.47318 -0.39243633 0.18097112 1.0 20.0 0.0 0.0 0.6 1.0
182.2429 309.69666 -0.33399966 0.16292384 1.0 20.0 0.0 0.0 0.6 1.0
164.22481 336.08478 -0.33822176 0.15992948 1.0 20.0 0.0 0.0 0.6 1.0
68.64409 328.85275 -0.3927569 0.18107201 1.0 20.0 0.0 0.0 0.6 1.0
36.859722 326.45184 -0.4005683 0.19236183 1.0 20.0 0.0 0.0 0.6 1.0
50.611862 355.25482 -0.3912104 0.18289301 1.0 20.0 0.0 0.0 0.6 1.0
82.43728 357.69336 -0.3841748 0.16916507 1.0 20.0 0.0 0.0 0.6 1.0
64.40755 384.05777 -0.38523906 0.17277116 1.0 20.0 0.0 0.0 0.6 1.0
150.40009 307.28543 -0.35604024 0.16973992 1.0 20.0 0.0 0.0 0.6 1.0
118.55601 304.8785 -0.3760245 0.17399223 1.0 20.0 0.0 0.0 0.6 1.0
132.39056 333.66995 -0.36015332 0.1645602 1.0 20.0 0.0 0.0 0.6 1.0
100.52361 331.24658 -0.37937084 0.1699093 1.0 20.0 0.0 0.0 0.6 1.0
114.367714 360.12262 -0.37061888 0.1565563 1.0 20.0 0.0 0.0 0.6 1.0
146.24246 362.54977 -0.34771454 0.15665446 1.0 20.0 0.0 0.0 0.6 1.0
96.26001 386.51093 -0.38193464 0.15722352 1.0 20.0 0.0 0.0 0.6 1.0
128.2014 388.9483 -0.37835833 0.14406572 1.0 20.0 0.0 0.0 0.6 1.0
178.05899 364.89017 -0.32055745 0.14842975 1.0 20.0 0.0 0.0 0.6 1.0
196.05452 338.49774 -0.31387624 0.1499345 1.0 20.0 0.0 0.0 0.6 1.0
214.0882 312.13354 -0.3092864 0.15029094 1.0 20.0 0.0 0.0 0.6 1.0
78.20329 412.8577 -0.37978357 0.16302922 1.0 20.0 0.0 0.0 0.6 1.0
110.05803 415.30078 -0.37671414 0.14766651 1.0 20.0 0.0 0.0 0.6 1.0
141.91928 417.75464 -0.3726507 0.13296744 1.0 20.0 0.0 0.0 0.6 1.0
91.99701 441.65668 -0.37060627 0.15247503 1.0 20.0 0.0 0.0 0.6 1.0
123.84532 444.0919 -0.3652273 0.13598135 1.0 20.0 0.0 0.0 0.6 1.0
155.69867 446.48123 -0.35931855 0.12214539 1.0 20.0 0.0 0.0 0.6 1.0
209.82414 367.32117 -0.29304647 0.13573025 1.0 20.0 0.0 0.0 0.6 1.0
227.8804 340.9558 -0.28823748 0.1350813 1.0 20.0 0.0 0.0 0.6 1.0
245.92444 314.5919 -0.28174645 0.13681008 1.0 20.0 0.0 0.0 0.6 1.0
241.62778 369.84747 -0.26714647 0.12030772 1.0 20.0 0.0 0.0 0.6 1.0
259.71033 343.40683 -0.2624243 0.124296516 1.0 20.0 0.0 0.0 0.6 1.0
277.76096 317.04987 -0.25522742 0.12895365 1.0 20.0 0.0 0.0 0.6 1.0
273.5043 372.28687 -0.24847141 0.11811636 1.0 20.0 0.0 0.0 0.6 1.0
291.57587 345.84952 -0.24290927 0.12309509 1.0 20.0 0.0 0.0 0.6 1.0
309.59918 319.50684 -0.23425497 0.12923563 1.0 20.0 0.0 0.0 0.6 1.0
255.45552 398.67603 -0.24929237 0.11453742 1.0 20.0 0.0 0.0 0.6 1.0
287.39697 401.1172 -0.24640714 0.12100638 1.0 20.0 0.0 0.0 0.6 1.0
305.43484 374.73438 -0.23816834 0.123778164 1.0 20.0 0.0 0.0 0.6 1.0
323.44913 348.32388 -0.23027125 0.12810028 1.0 20.0 0.0 0.0 0.6 1.0
341.41687 321.99622 -0.2203772 0.13370386 1.0 20.0 0.0 0.0 0.6 1.0
319.25327 403.52957 -0.24402978 0.12945873 1.0 20.0 0.0 0.0 0.6 1.0
337.2625 377.15686 -0.23391631 0.13154645 1.0 20.0 0.0 0.0 0.6 1.0
355.23013 350.77667 -0.22485733 0.13549165 1.0 20.0 0.0 0.0 0.6 1.0
373.05005 324.5167 -0.21397553 0.14184096 1.0 20.0 0.0 0.0 0.6 1.0
301.2458 429.89914 -0.2601469 0.12765479 1.0 20.0 0.0 0.0 0.6 1.0
269.38873 427.47665 -0.2635967 0.1179884 1.0 20.0 0.0 0.0 0.6 1.0
237.52351 425.0637 -0.2681896 0.10637157 1.0 20.0 0.0 0.0 0.6 1.0
283.24133 456.26804 -0.28332013 0.12328041 1.0 20.0 0.0 0.0 0.6 1.0
251.39136 453.8386 -0.28839496 0.11134943 1.0 20.0 0.0 0.0 0.6 1.0
219.5433 451.36288 -0.29387292 0.10168744 1.0 20.0 0.0 0.0 0.6 1.0
265.21774 482.63162 -0.30905724 0.116429806 1.0 20.0 0.0 0.0 0.6 1.0
233.35901 480.17642 -0.31417105 0.10592595 1.0 20.0 0.0 0.0 0.6 1.0
201.46228 477.64587 -0.32429922 9.973994e-2 1.0 20.0 0.0 0.0 0.6 1.0
105.810265 470.45395 -0.35883275 0.13881564 1.0 20.0 0.0 0.0 0.6 1.0
137.67033 472.86514 -0.35171032 0.12342633 1.0 20.0 0.0 0.0 0.6 1.0
169.57977 475.2075 -0.34023306 0.11071723 1.0 20.0 0.0 0.0 0.6 1.0
119.64208 499.23825 -0.35054243 0.12399478 1.0 20.0 0.0 0.0 0.6 1.0
151.49431 501.64407 -0.3448338 0.11181009 1.0 20.0 0.0 0.0 0.6 1.0
183.41313 504.03012 -0.3379389 0.10335261 1.0 20.0 0.0 0.0 0.6 1.0
215.32622 506.51947 -0.33325413 0.10322034 1.0 20.0 0.0 0.0 0.6 1.0
247.17725 508.97824 -0.3306378 0.1110428 1.0 20.0 0.0 0.0 0.6 1.0
133.4791 528.0228 -0.34963143 0.11177618 1.0 20.0 0.0 0.0 0.6 1.0
165.32922 530.4554 -0.34715894 0.10533244 1.0 20.0 0.0 0.0 0.6 1.0
197.2792 532.8933 -0.3459283 0.10457285 1.0 20.0 0.0 0.0 0.6 1.0
229.13266 535.3234 -0.34622163 0.10894604 1.0 20.0 0.0 0.0 0.6 1.0
147.3215 556.8066 -0.35575357 0.10421341 1.0 20.0 0.0 0.0 0.6 1.0
179.20093 559.2576 -0.35541195 0.104823634 1.0 20.0 0.0 0.0 0.6 1.0
211.08606 561.6674 -0.35782465 0.110032216 1.0 20.0 0.0 0.0 0.6 1.0
161.19081 585.55597 -0.36590865 0.101230934 1.0 20.0 0.0 0.0 0.6 1.0
193.02365 587.9772 -0.3676422 0.11084446 1.0 20.0 0.0 0.0 0.6 1.0
175.03172 614.1151 -0.3837183 0.10603958 1.0 20.0 0.0 0.0 0.6 1.0