0.5 0.5 0.5 1.0
1.6e8 0.0 1824000.0 3.2e7 0.0 0.19999999 

204.23291 769.92017 1.6774703 -0.33254364 1.0 20.0 0.0 0.0 0.6 1.0
10.381243 538.7353 0.45835903 -27.480074 1.0 20.0 0.0 0.0 0.6 1.0
10.00369 514.51276 -0.49412817 10.234119 1.0 20.0 0.0 0.0 0.6 1.0
367.56207 264.01877 -5.4134126 -14.677922 1.0 20.0 0.0 0.0 0.6 1.0
26.739063 363.1714 4.0804234 9.879434 1.0 20.0 0.0 0.0 0.6 1.0
186.88843 677.5348 -12.335392 -14.97608 1.0 20.0 0.0 0.0 0.6 1.0
15.094602 596.2699 11.381855 -3.6677542 1.0 20.0 0.0 0.0 0.6 1.0
119.344864 746.94867 -16.445066 24.795858 1.0 20.0 0.0 0.0 0.6 1.0
10.177739 681.3621 -1.1980133 21.626537 1.0 20.0 0.0 0.0 0.6 1.0
254.91872 10.038152 -15.034819 2.3017242 1.0 20.0 0.0 0.0 0.6 1.0
371.38165 751.0948 2.9928496 -8.339501 1.0 20.0 0.0 0.0 0.6 1.0
274.16592 638.4762 -5.1148386 11.239163 1.0 20.0 0.0 0.0 0.6 1.0
10.024734 130.24878 2.1367366 62.08155 1.0 20.0 0.0 0.0 0.6 1.0
162.15796 769.8102 -0.27969274 -0.5904857 1.0 20.0 0.0 0.0 0.6 1.0
62.779083 318.44415 4.760882 6.613895 1.0 20.0 0.0 0.0 0.6 1.0
389.96954 260.33975 -8.811492e-2 -16.398869 1.0 20.0 0.0 0.0 0.6 1.0
110.57117 89.41873 4.1271224 1.8752494 1.0 20.0 0.0 0.0 0.6 1.0
111.83506 550.4027 17.440063 -3.48002 1.0 20.0 0.0 0.0 0.6 1.0
150.66428 606.21014 9.674367 -18.964676 1.0 20.0 0.0 0.0 0.6 1.0
257.00906 769.5645 -0.15569565 -0.9077176 1.0 20.0 0.0 0.0 0.6 1.0
234.59431 641.3631 9.329775 12.820816 1.0 20.0 0.0 0.0 0.6 1.0
190.58255 735.0679 -8.9679985 5.9758854 1.0 20.0 0.0 0.0 0.6 1.0
389.35092 482.50766 -0.62720907 21.142714 1.0 20.0 0.0 0.0 0.6 1.0
51.898495 458.5615 9.519661 -2.4041176 1.0 20.0 0.0 0.0 0.6 1.0
325.48126 764.57684 5.2624593 -4.4721403 1.0 20.0 0.0 0.0 0.6 1.0
274.53326 710.619 -11.251856 -5.303945 1.0 20.0 0.0 0.0 0.6 1.0
283.79938 769.8081 8.692474 -1.1742653 1.0 20.0 0.0 0.0 0.6 1.0
346.79483 673.2465 4.1003165 -5.392306 1.0 20.0 0.0 0.0 0.6 1.0
389.80588 671.5764 -0.26045594 25.1565 1.0 20.0 0.0 0.0 0.6 1.0
312.35825 255.61214 1.873613 -16.070766 1.0 20.0 0.0 0.0 0.6 1.0
365.52374 207.49329 2.7632232 25.453869 1.0 20.0 0.0 0.0 0.6 1.0
389.99994 698.46625 -7.427039e-2 -6.1527643 1.0 20.0 0.0 0.0 0.6 1.0
369.1737 769.99756 10.873936 -0.33327442 1.0 20.0 0.0 0.0 0.6 1.0
366.30624 563.6467 4.310053 6.506003 1.0 20.0 0.0 0.0 0.6 1.0
343.42557 83.36984 -5.655864 10.411886 1.0 20.0 0.0 0.0 0.6 1.0
336.55682 614.71674 21.612947 -2.6616135 1.0 20.0 0.0 0.0 0.6 1.0
363.36926 600.02234 9.007475 27.25008 1.0 20.0 0.0 0.0 0.6 1.0
277.91006 563.08734 -41.55755 -3.6099663 1.0 20.0 0.0 0.0 0.6 1.0
10.036998 312.746 0.48148194 13.040218 1.0 20.0 0.0 0.0 0.6 1.0
389.41733 123.70852 -2.747788 5.9965096 1.0 20.0 0.0 0.0 0.6 1.0
231.99734 509.58594 -4.5219736 -4.638377 1.0 20.0 0.0 0.0 0.6 1.0
109.38805 196.82642 -12.203754 -8.330379 1.0 20.0 0.0 0.0 0.6 1.0
58.330914 404.31616 15.433979 3.5675006 1.0 20.0 0.0 0.0 0.6 1.0
261.53555 79.72935 -1.9286385 3.953347 1.0 20.0 0.0 0.0 0.6 1.0
307.05322 165.27968 -17.358208 9.866136 1.0 20.0 0.0 0.0 0.6 1.0
69.065025 208.16367 20.928038 16.421764 1.0 20.0 0.0 0.0 0.6 1.0
346.62933 10.844391 -14.923733 0.25068355 1.0 20.0 0.0 0.0 0.6 1.0
209.37164 725.35754 8.050267 5.1061134 1.0 20.0 0.0 0.0 0.6 1.0
61.55371 231.9915 -3.7166898 -3.4861498 1.0 20.0 0.0 0.0 0.6 1.0
326.73404 665.14954 6.5574923 15.831182 1.0 20.0 0.0 0.0 0.6 1.0
50.6029 745.60077 8.804593 3.384271 1.0 20.0 0.0 0.0 0.6 1.0
307.2346 116.07526 2.0621178 -20.89872 1.0 20.0 0.0 0.0 0.6 1.0
389.19034 529.5865 -1.1137484 -18.581741 1.0 20.0 0.0 0.0 0.6 1.0
10.011441 624.4327 5.991275e-2 33.86862 1.0 20.0 0.0 0.0 0.6 1.0
163.1429 113.98035 14.89646 6.245901 1.0 20.0 0.0 0.0 0.6 1.0
84.83983 428.5738 -10.527612 -16.743908 1.0 20.0 0.0 0.0 0.6 1.0
10.216047 461.66324 0.5197613 -8.05044 1.0 20.0 0.0 0.0 0.6 1.0
33.635067 472.58188 0.8926146 5.711204 1.0 20.0 0.0 0.0 0.6 1.0
216.49844 683.01984 6.996536 -7.7825766 1.0 20.0 0.0 0.0 0.6 1.0
36.511234 642.14746 5.523729 3.5090775 1.0 20.0 0.0 0.0 0.6 1.0
180.36667 717.5886 -13.563543 -0.110667944 1.0 20.0 0.0 0.0 0.6 1.0
54.872074 300.70865 -3.2497015 -12.986975 1.0 20.0 0.0 0.0 0.6 1.0
32.872356 617.8411 1.9906173 -17.617981 1.0 20.0 0.0 0.0 0.6 1.0
92.88806 696.45874 -8.5211735 -16.712286 1.0 20.0 0.0 0.0 0.6 1.0
111.79432 705.22046 1.6596183 -8.66286 1.0 20.0 0.0 0.0 0.6 1.0
154.74252 737.8219 4.632772 -4.249886 1.0 20.0 0.0 0.0 0.6 1.0
65.72888 688.51416 -1.970741 -13.025894 1.0 20.0 0.0 0.0 0.6 1.0
147.56755 102.96526 -3.5557783 7.5148335 1.0 20.0 0.0 0.0 0.6 1.0
369.7103 10.003171 0.19006068 0.2885837 1.0 20.0 0.0 0.0 0.6 1.0
235.17189 42.140842 -9.41573 -2.6488242 1.0 20.0 0.0 0.0 0.6 1.0
70.33998 745.5236 5.025952 -7.699739 1.0 20.0 0.0 0.0 0.6 1.0
28.176601 733.0196 3.1341972 -6.423024 1.0 20.0 0.0 0.0 0.6 1.0
348.43036 572.0501 14.96739 -15.689002 1.0 20.0 0.0 0.0 0.6 1.0
10.249199 713.83136 0.5187677 1.9216084 1.0 20.0 0.0 0.0 0.6 1.0
297.0801 731.3012 -9.180906 2.605526 1.0 20.0 0.0 0.0 0.6 1.0
201.04765 505.79126 -13.593355 22.467176 1.0 20.0 0.0 0.0 0.6 1.0
159.23268 689.0733 -15.565004 -1.5183716 1.0 20.0 0.0 0.0 0.6 1.0
135.6385 728.6972 8.866925 1.8922665 1.0 20.0 0.0 0.0 0.6 1.0
59.07761 486.43442 1.9273854 9.254454 1.0 20.0 0.0 0.0 0.6 1.0
131.70969 763.66437 7.897796 -3.9286282 1.0 20.0 0.0 0.0 0.6 1.0
10.165123 769.9761 0.28909707 -3.6506943e-2 1.0 20.0 0.0 0.0 0.6 1.0
192.88147 752.93805 1.304631 4.09565 1.0 20.0 0.0 0.0 0.6 1.0
91.4453 744.7797 -7.6991057 -2.7160356 1.0 20.0 0.0 0.0 0.6 1.0
18.141417 10.197248 -10.636698 0.33307543 1.0 20.0 0.0 0.0 0.6 1.0
69.49307 595.7888 10.459461 3.2239046 1.0 20.0 0.0 0.0 0.6 1.0
10.120007 743.3969 0.44921285 -0.12624021 1.0 20.0 0.0 0.0 0.6 1.0
31.544796 268.37027 -7.2088904 0.8694472 1.0 20.0 0.0 0.0 0.6 1.0
10.07215 372.87067 -1.8359312 5.2651973 1.0 20.0 0.0 0.0 0.6 1.0
219.7607 660.8081 -12.684839 -4.411743 1.0 20.0 0.0 0.0 0.6 1.0
354.0404 224.1291 -13.504094 10.501979 1.0 20.0 0.0 0.0 0.6 1.0
57.545815 10.003582 -7.4009852 2.003696e-2 1.0 20.0 0.0 0.0 0.6 1.0
389.86548 11.261895 0.82397527 0.6013944 1.0 20.0 0.0 0.0 0.6 1.0
288.9334 655.1753 1.1857638 4.4037986 1.0 20.0 0.0 0.0 0.6 1.0
389.5701 207.98248 -0.7684998 22.871475 1.0 20.0 0.0 0.0 0.6 1.0
234.97693 10.057083 -1.3174651 -9.935722e-3 1.0 20.0 0.0 0.0 0.6 1.0
84.28312 87.61737 0.31158948 -4.097562 1.0 20.0 0.0 0.0 0.6 1.0
91.20092 46.501648 -0.7205775 6.159327 1.0 20.0 0.0 0.0 0.6 1.0
10.155512 353.64523 -0.14097476 10.687936 1.0 20.0 0.0 0.0 0.6 1.0
42.23091 286.09662 -5.813238e-2 1.3837423 1.0 20.0 0.0 0.0 0.6 1.0
89.186264 26.782713 -3.3448424 -3.1814868 1.0 20.0 0.0 0.0 0.6 1.0
10.000993 293.22 0.33771795 24.479393 1.0 20.0 0.0 0.0 0.6 1.0
39.12784 10.316495 4.931976 0.49224436 1.0 20.0 0.0 0.0 0.6 1.0
26.468195 323.6239 1.5531805 6.419152 1.0 20.0 0.0 0.0 0.6 1.0
176.69057 150.46925 -15.460449 5.3676653 1.0 20.0 0.0 0.0 0.6 1.0
97.61514 766.0463 11.023704 -2.498177 1.0 20.0 0.0 0.0 0.6 1.0
371.2736 689.2965 1.1265646 6.351033 1.0 20.0 0.0 0.0 0.6 1.0
306.79596 769.948 3.0630183 -0.1124605 1.0 20.0 0.0 0.0 0.6 1.0
389.97684 591.79675 1.0700092 -0.6713152 1.0 20.0 0.0 0.0 0.6 1.0
146.53554 124.43959 10.896 13.327504 1.0 20.0 0.0 0.0 0.6 1.0
29.414108 162.05444 -1.7434164 0.81744844 1.0 20.0 0.0 0.0 0.6 1.0
19.75783 444.85037 3.2297165 1.9802868 1.0 20.0 0.0 0.0 0.6 1.0
74.49499 769.99536 8.399852 -4.004318e-2 1.0 20.0 0.0 0.0 0.6 1.0
24.998344 692.3233 8.152818 -7.427219 1.0 20.0 0.0 0.0 0.6 1.0
354.77768 125.89751 23.398567 22.85299 1.0 20.0 0.0 0.0 0.6 1.0
389.9972 748.5931 5.0925417 0.19057393 1.0 20.0 0.0 0.0 0.6 1.0
138.15471 83.93766 7.317868 -3.6911113 1.0 20.0 0.0 0.0 0.6 1.0
389.1927 651.9846 -1.8768017 -6.721616e-2 1.0 20.0 0.0 0.0 0.6 1.0
180.78618 66.76366 11.693182 9.879622 1.0 20.0 0.0 0.0 0.6 1.0
356.32767 465.32108 2.0692077 -14.599759 1.0 20.0 0.0 0.0 0.6 1.0
205.11848 185.02155 -1.0796626 8.266501 1.0 20.0 0.0 0.0 0.6 1.0
273.32004 65.527466 -22.841228 19.75886 1.0 20.0 0.0 0.0 0.6 1.0
316.83447 704.4586 -7.107108 -0.5738501 1.0 20.0 0.0 0.0 0.6 1.0
389.99902 721.5729 -0.12691988 3.9759066 1.0 20.0 0.0 0.0 0.6 1.0
293.27988 706.73627 -8.598227 -4.304761 1.0 20.0 0.0 0.0 0.6 1.0
122.1608 359.7386 -5.1485605 10.851438 1.0 20.0 0.0 0.0 0.6 1.0
32.55049 760.8679 6.7128406 -4.3361487 1.0 20.0 0.0 0.0 0.6 1.0
155.20474 647.8454 14.181967 -20.768309 1.0 20.0 0.0 0.0 0.6 1.0
55.007484 769.7397 -1.4920585 -0.23821042 1.0 20.0 0.0 0.0 0.6 1.0
10.539331 240.01534 0.8530039 18.759947 1.0 20.0 0.0 0.0 0.6 1.0
239.7955 662.6345 4.0098205 -10.723199 1.0 20.0 0.0 0.0 0.6 1.0
389.15735 768.9671 -0.33176753 -1.2408211 1.0 20.0 0.0 0.0 0.6 1.0
389.7421 570.5 -0.40843484 -4.2971435 1.0 20.0 0.0 0.0 0.6 1.0
103.92193 499.99203 23.53118 -33.178215 1.0 20.0 0.0 0.0 0.6 1.0
120.90059 676.73096 -8.441507 -11.125235 1.0 20.0 0.0 0.0 0.6 1.0
77.51507 376.11597 5.7890143 -0.78721833 1.0 20.0 0.0 0.0 0.6 1.0
258.98517 721.147 -1.677967 1.8436112 1.0 20.0 0.0 0.0 0.6 1.0
62.424614 362.52658 -10.410051 -0.6463106 1.0 20.0 0.0 0.0 0.6 1.0
374.4158 732.84814 0.64960325 6.6061893 1.0 20.0 0.0 0.0 0.6 1.0
239.20401 492.6443 17.627178 -37.767014 1.0 20.0 0.0 0.0 0.6 1.0
240.64482 714.9507 -18.855782 -0.9513073 1.0 20.0 0.0 0.0 0.6 1.0
165.67148 280.6258 16.445599 17.85824 1.0 20.0 0.0 0.0 0.6 1.0
332.74112 692.9968 -2.5234938 3.1967654 1.0 20.0 0.0 0.0 0.6 1.0
121.01292 298.73914 -4.2286634 20.970734 1.0 20.0 0.0 0.0 0.6 1.0
265.8975 751.99133 5.1443167 4.327 1.0 20.0 0.0 0.0 0.6 1.0
306.41495 670.321 8.033551 12.249516 1.0 20.0 0.0 0.0 0.6 1.0
50.65421 726.87396 11.173272 -1.4724612 1.0 20.0 0.0 0.0 0.6 1.0
73.694016 470.97968 12.24388 -5.835824 1.0 20.0 0.0 0.0 0.6 1.0
331.01642 736.037 -1.9098506 -1.6920736 1.0 20.0 0.0 0.0 0.6 1.0
371.6821 417.18982 -9.6228285 -20.231956 1.0 20.0 0.0 0.0 0.6 1.0
296.34088 593.5453 24.180233 -18.737358 1.0 20.0 0.0 0.0 0.6 1.0
294.00104 687.5985 -4.8564696 -4.700121 1.0 20.0 0.0 0.0 0.6 1.0
233.57016 769.9921 2.4530637 -0.629373 1.0 20.0 0.0 0.0 0.6 1.0
368.99463 384.12827 -1.3769469 -6.644183 1.0 20.0 0.0 0.0 0.6 1.0
76.8062 496.47073 22.015354 -24.945042 1.0 20.0 0.0 0.0 0.6 1.0
43.856674 703.551 10.214244 -12.58974 1.0 20.0 0.0 0.0 0.6 1.0
224.997 702.84644 -6.4185057 -1.324021 1.0 20.0 0.0 0.0 0.6 1.0
122.73715 183.58339 8.700151 -19.12843 1.0 20.0 0.0 0.0 0.6 1.0
198.93073 640.10583 -28.633083 -4.9785705 1.0 20.0 0.0 0.0 0.6 1.0
389.93552 631.8191 -0.5549044 -7.1737328 1.0 20.0 0.0 0.0 0.6 1.0
343.70813 750.894 2.047596 -16.163858 1.0 20.0 0.0 0.0 0.6 1.0
343.77988 769.99774 3.3554134 -0.42277172 1.0 20.0 0.0 0.0 0.6 1.0
374.19376 709.83875 -5.810684 1.8281195 1.0 20.0 0.0 0.0 0.6 1.0
181.53688 769.97894 -3.4079766 -0.23576523 1.0 20.0 0.0 0.0 0.6 1.0
66.750755 268.9969 21.032215 11.222985 1.0 20.0 0.0 0.0 0.6 1.0
227.80562 731.6845 -2.613536 -2.9066699 1.0 20.0 0.0 0.0 0.6 1.0
174.94113 739.78564 5.582739 -26.948235 1.0 20.0 0.0 0.0 0.6 1.0
135.3502 235.1355 -10.336723 -2.5652053 1.0 20.0 0.0 0.0 0.6 1.0
75.611855 623.37024 6.160544 -13.206332 1.0 20.0 0.0 0.0 0.6 1.0
49.51283 217.58858 15.431978 19.658632 1.0 20.0 0.0 0.0 0.6 1.0
15.694985 62.35805 0.7693675 13.205757 1.0 20.0 0.0 0.0 0.6 1.0
138.18546 28.6027 9.644991 -5.394759 1.0 20.0 0.0 0.0 0.6 1.0
188.21368 485.99237 -41.222626 2.380127 1.0 20.0 0.0 0.0 0.6 1.0
379.1646 26.654987 17.51768 -7.334058 1.0 20.0 0.0 0.0 0.6 1.0
388.44455 142.54077 -6.130289 17.34176 1.0 20.0 0.0 0.0 0.6 1.0
283.13303 11.391696 -8.874624 3.7443223 1.0 20.0 0.0 0.0 0.6 1.0
94.39057 609.7025 8.828682 5.135466 1.0 20.0 0.0 0.0 0.6 1.0
10.0215025 178.14384 1.6136473 28.499203 1.0 20.0 0.0 0.0 0.6 1.0
28.263666 301.05005 6.131954 6.9953914 1.0 20.0 0.0 0.0 0.6 1.0
386.39417 610.2094 5.2527256 20.880312 1.0 20.0 0.0 0.0 0.6 1.0
221.39734 89.18925 3.6906052 -30.493649 1.0 20.0 0.0 0.0 0.6 1.0
45.99505 245.18497 4.091308 -6.435521 1.0 20.0 0.0 0.0 0.6 1.0
10.175939 212.14381 1.4158332 8.158048 1.0 20.0 0.0 0.0 0.6 1.0
18.722553 192.3118 14.138158 4.273369 1.0 20.0 0.0 0.0 0.6 1.0
66.73603 47.91226 2.7628772 6.7476892 1.0 20.0 0.0 0.0 0.6 1.0
43.092743 416.62903 15.212728 -3.4659512 1.0 20.0 0.0 0.0 0.6 1.0
105.87184 111.01248 4.1005898 7.7840996 1.0 20.0 0.0 0.0 0.6 1.0
379.87506 79.79374 5.029051 -4.575724 1.0 20.0 0.0 0.0 0.6 1.0
66.746826 96.92116 6.2196617 2.7369015 1.0 20.0 0.0 0.0 0.6 1.0
51.569336 83.04671 2.3197253 22.727222 1.0 20.0 0.0 0.0 0.6 1.0
14.35655 492.83688 6.1528935 -13.367771 1.0 20.0 0.0 0.0 0.6 1.0
355.88913 715.5011 4.3429227 -8.238701 1.0 20.0 0.0 0.0 0.6 1.0
350.37036 650.989 -7.907974 19.499695 1.0 20.0 0.0 0.0 0.6 1.0
264.80365 294.99127 -22.061892 5.889037 1.0 20.0 0.0 0.0 0.6 1.0
361.1159 37.649868 -9.956248 13.187202 1.0 20.0 0.0 0.0 0.6 1.0
12.216211 275.595 1.0187128 11.763071 1.0 20.0 0.0 0.0 0.6 1.0
292.32236 149.6869 23.227116 -3.7913594 1.0 20.0 0.0 0.0 0.6 1.0
389.99045 44.09446 -0.9089593 5.9877615 1.0 20.0 0.0 0.0 0.6 1.0
294.3502 631.1867 0.8970635 -9.093218 1.0 20.0 0.0 0.0 0.6 1.0
362.36383 82.19248 7.142935 -7.1559153 1.0 20.0 0.0 0.0 0.6 1.0
215.9363 129.24129 -17.047232 -5.7134633 1.0 20.0 0.0 0.0 0.6 1.0
28.217722 30.161362 3.0323215 -1.8131961 1.0 20.0 0.0 0.0 0.6 1.0
353.24915 63.878536 2.4646542 0.8738165 1.0 20.0 0.0 0.0 0.6 1.0
67.351585 513.32025 -0.8212452 12.139925 1.0 20.0 0.0 0.0 0.6 1.0
389.9976 399.33887 -6.829583e-3 -33.826286 1.0 20.0 0.0 0.0 0.6 1.0
367.0748 318.95963 -13.2698 0.7169018 1.0 20.0 0.0 0.0 0.6 1.0
307.42755 646.89636 -38.648632 12.177804 1.0 20.0 0.0 0.0 0.6 1.0
275.29547 730.6741 -9.605677 -1.5775423 1.0 20.0 0.0 0.0 0.6 1.0
142.82652 298.55115 -24.233088 -24.554398 1.0 20.0 0.0 0.0 0.6 1.0
280.69464 205.95563 2.952502 10.406041 1.0 20.0 0.0 0.0 0.6 1.0
147.99934 666.968 10.489576 -16.91786 1.0 20.0 0.0 0.0 0.6 1.0
228.16576 616.7449 2.420789 -7.598595 1.0 20.0 0.0 0.0 0.6 1.0
298.994 348.52835 -7.4860435 -37.043888 1.0 20.0 0.0 0.0 0.6 1.0
257.3375 676.4635 -15.135724 12.170758 1.0 20.0 0.0 0.0 0.6 1.0
189.15205 535.2453 -8.324118 -20.781418 1.0 20.0 0.0 0.0 0.6 1.0
234.13342 751.3128 4.7095222 -2.6550848 1.0 20.0 0.0 0.0 0.6 1.0
293.16028 305.64722 -19.431297 5.9415855 1.0 20.0 0.0 0.0 0.6 1.0
273.86584 665.4333 -9.347327 11.75153 1.0 20.0 0.0 0.0 0.6 1.0
293.96658 752.6916 3.6076581 -6.22434 1.0 20.0 0.0 0.0 0.6 1.0
336.87543 717.54095 -3.0019813 4.60748 1.0 20.0 0.0 0.0 0.6 1.0
43.01767 596.591 1.6723661 11.192537 1.0 20.0 0.0 0.0 0.6 1.0
313.77206 745.19135 -4.5278817e-2 2.3447604 1.0 20.0 0.0 0.0 0.6 1.0
352.72357 733.99146 6.556696 1.9463847 1.0 20.0 0.0 0.0 0.6 1.0
255.27756 698.6384 -12.037366 -3.6065543 1.0 20.0 0.0 0.0 0.6 1.0
315.9853 724.7502 -7.26178 5.5075645 1.0 20.0 0.0 0.0 0.6 1.0
370.51053 643.4226 -12.16539 14.694004 1.0 20.0 0.0 0.0 0.6 1.0
17.48537 644.64764 4.769741 -11.867694 1.0 20.0 0.0 0.0 0.6 1.0
96.46764 147.95993 6.613704 2.5293465 1.0 20.0 0.0 0.0 0.6 1.0
33.737278 394.471 -0.5801143 -12.740746 1.0 20.0 0.0 0.0 0.6 1.0
44.98289 437.90845 9.999545 -13.426914 1.0 20.0 0.0 0.0 0.6 1.0
92.4685 589.67053 30.133478 -7.048099 1.0 20.0 0.0 0.0 0.6 1.0
99.75789 349.11887 2.467154 0.52335155 1.0 20.0 0.0 0.0 0.6 1.0
56.06005 385.39084 15.754304 -6.2262335 1.0 20.0 0.0 0.0 0.6 1.0
214.088 751.7182 2.4851272 -3.507648 1.0 20.0 0.0 0.0 0.6 1.0
236.94641 684.48883 4.7619033 -13.520056 1.0 20.0 0.0 0.0 0.6 1.0
134.1183 436.36078 -17.60299 -15.297731 1.0 20.0 0.0 0.0 0.6 1.0
367.8179 661.5607 -5.7248063 8.356409 1.0 20.0 0.0 0.0 0.6 1.0
352.31158 693.1426 -2.990756 -8.736529 1.0 20.0 0.0 0.0 0.6 1.0
308.8102 460.34283 -1.9798145 12.138907 1.0 20.0 0.0 0.0 0.6 1.0
331.9919 642.38684 32.966965 2.1608424 1.0 20.0 0.0 0.0 0.6 1.0
34.141083 74.92851 -7.1245728 10.442661 1.0 20.0 0.0 0.0 0.6 1.0
25.179958 342.51883 -0.49327922 13.542613 1.0 20.0 0.0 0.0 0.6 1.0
79.506836 138.25735 18.27103 -5.1117015 1.0 20.0 0.0 0.0 0.6 1.0
10.003906 663.01385 0.13222213 -3.1097803 1.0 20.0 0.0 0.0 0.6 1.0
237.2606 122.71877 -51.074883 -29.647482 1.0 20.0 0.0 0.0 0.6 1.0
103.36719 327.15195 -2.6646569 3.8458035 1.0 20.0 0.0 0.0 0.6 1.0
322.44757 408.13867 0.17966098 11.225737 1.0 20.0 0.0 0.0 0.6 1.0
328.98486 97.20661 11.968197 16.075994 1.0 20.0 0.0 0.0 0.6 1.0
68.935165 447.04144 14.4537325 -11.638495 1.0 20.0 0.0 0.0 0.6 1.0
273.97635 119.59332 -1.6032584 -42.094757 1.0 20.0 0.0 0.0 0.6 1.0
10.043855 92.78268 0.4091201 18.176699 1.0 20.0 0.0 0.0 0.6 1.0
51.453724 173.39717 -1.8980143 5.0709314 1.0 20.0 0.0 0.0 0.6 1.0
10.013466 148.48709 6.841569e-2 -29.23306 1.0 20.0 0.0 0.0 0.6 1.0
249.33743 175.85588 -11.181783 -38.495552 1.0 20.0 0.0 0.0 0.6 1.0
303.01953 88.84122 14.39391 22.231367 1.0 20.0 0.0 0.0 0.6 1.0
139.2988 10.034674 8.521156 -7.447131 1.0 20.0 0.0 0.0 0.6 1.0
320.9284 381.53876 -12.808037 16.357906 1.0 20.0 0.0 0.0 0.6 1.0
320.5275 28.153984 -3.728497 2.0528731 1.0 20.0 0.0 0.0 0.6 1.0
252.13757 62.302795 -25.620386 30.491734 1.0 20.0 0.0 0.0 0.6 1.0
84.0944 108.022995 4.748785 14.907142 1.0 20.0 0.0 0.0 0.6 1.0
181.45576 10.017205 -38.91812 0.15980503 1.0 20.0 0.0 0.0 0.6 1.0
37.8583 97.75997 6.9311957 8.566507 1.0 20.0 0.0 0.0 0.6 1.0
89.56516 198.40054 -6.7377934 1.8310649 1.0 20.0 0.0 0.0 0.6 1.0
86.25191 315.2535 23.780603 -17.455988 1.0 20.0 0.0 0.0 0.6 1.0
348.5792 255.33339 -13.288207 -20.985304 1.0 20.0 0.0 0.0 0.6 1.0
139.98209 194.09108 9.887789 -12.25761 1.0 20.0 0.0 0.0 0.6 1.0
389.75327 510.41165 -0.32333833 -11.363097 1.0 20.0 0.0 0.0 0.6 1.0
271.1425 27.544378 -2.7202828 -22.019361 1.0 20.0 0.0 0.0 0.6 1.0
234.47594 69.607574 -7.473335 6.1208572 1.0 20.0 0.0 0.0 0.6 1.0
37.81909 140.30359 7.7604322 -18.812605 1.0 20.0 0.0 0.0 0.6 1.0
117.97216 64.503075 10.59303 6.316293 1.0 20.0 0.0 0.0 0.6 1.0
67.30651 28.844627 2.5402522 -7.017104 1.0 20.0 0.0 0.0 0.6 1.0
63.989857 125.65596 13.380625 6.5512376 1.0 20.0 0.0 0.0 0.6 1.0
334.5757 64.88082 2.1958039 18.48278 1.0 20.0 0.0 0.0 0.6 1.0
246.2103 25.73905 -15.783505 -3.9995484 1.0 20.0 0.0 0.0 0.6 1.0
386.31787 103.32469 6.179202 14.379111 1.0 20.0 0.0 0.0 0.6 1.0
217.53485 28.64137 -2.516862 -0.109404564 1.0 20.0 0.0 0.0 0.6 1.0
97.503975 64.9483 7.5458336 -4.0880527 1.0 20.0 0.0 0.0 0.6 1.0
14.487437 115.69932 21.570417 12.906471 1.0 20.0 0.0 0.0 0.6 1.0
75.71622 66.92619 10.114563 19.275787 1.0 20.0 0.0 0.0 0.6 1.0
200.29817 114.30621 20.726458 -13.730309 1.0 20.0 0.0 0.0 0.6 1.0
164.76027 93.21968 16.955551 6.7346396 1.0 20.0 0.0 0.0 0.6 1.0
323.317 283.98422 -18.552706 -16.315641 1.0 20.0 0.0 0.0 0.6 1.0
387.7985 306.20825 6.503473 1.2239872 1.0 20.0 0.0 0.0 0.6 1.0
359.94217 102.14956 -6.67578 27.616966 1.0 20.0 0.0 0.0 0.6 1.0
385.21198 287.02054 6.0993967 -0.80029124 1.0 20.0 0.0 0.0 0.6 1.0
389.92993 189.51419 0.4555421 -26.245613 1.0 20.0 0.0 0.0 0.6 1.0
373.9332 53.219707 -19.044113 7.3484864 1.0 20.0 0.0 0.0 0.6 1.0
217.04797 46.78693 18.500658 -26.162743 1.0 20.0 0.0 0.0 0.6 1.0
53.949295 63.897415 3.3244824 10.438917 1.0 20.0 0.0 0.0 0.6 1.0
34.77585 53.597065 8.546219 4.4413366 1.0 20.0 0.0 0.0 0.6 1.0
152.02092 44.218243 9.589967 1.4975034 1.0 20.0 0.0 0.0 0.6 1.0
192.9173 31.63553 0.29347345 -16.216438 1.0 20.0 0.0 0.0 0.6 1.0
154.82538 73.813126 3.7894588 -2.2778282 1.0 20.0 0.0 0.0 0.6 1.0
281.89838 86.52186 -19.036446 8.676148 1.0 20.0 0.0 0.0 0.6 1.0
173.18054 47.805412 1.9685935 -15.926668 1.0 20.0 0.0 0.0 0.6 1.0
201.54605 63.176666 -23.381464 21.134342 1.0 20.0 0.0 0.0 0.6 1.0
125.99382 43.858948 7.8824415 -2.0889347 1.0 20.0 0.0 0.0 0.6 1.0
138.06819 64.678955 -4.05003 0.46515346 1.0 20.0 0.0 0.0 0.6 1.0
10.001363 37.62691 -2.7226433e-3 6.201554 1.0 20.0 0.0 0.0 0.6 1.0
119.19345 10.009407 -1.9975622 2.6398584e-2 1.0 20.0 0.0 0.0 0.6 1.0
109.76388 27.139023 1.5437468 1.4693817 1.0 20.0 0.0 0.0 0.6 1.0
342.99588 44.16607 -3.9867923 12.074043 1.0 20.0 0.0 0.0 0.6 1.0
301.78305 18.571953 -7.3777776 -53.582977 1.0 20.0 0.0 0.0 0.6 1.0
389.98773 61.8332 -1.0038427 -1.8372383 1.0 20.0 0.0 0.0 0.6 1.0
206.18445 15.987552 10.123502 3.4807415 1.0 20.0 0.0 0.0 0.6 1.0
102.122955 130.09311 15.370345 -9.128958 1.0 20.0 0.0 0.0 0.6 1.0
79.8835 10.17649 29.242218 0.48612535 1.0 20.0 0.0 0.0 0.6 1.0
49.621716 37.353592 9.786911 1.0908443 1.0 20.0 0.0 0.0 0.6 1.0
99.845726 10.0021925 11.478422 0.10242109 1.0 20.0 0.0 0.0 0.6 1.0
323.24832 10.005714 -3.6956239 0.890284 1.0 20.0 0.0 0.0 0.6 1.0
160.90234 10.073998 -9.88708 0.22419295 1.0 20.0 0.0 0.0 0.6 1.0
170.41722 30.18059 2.5180736 -0.88680315 1.0 20.0 0.0 0.0 0.6 1.0
225.21219 109.15735 4.1858015 16.023811 1.0 20.0 0.0 0.0 0.6 1.0
295.47745 57.09527 14.485807 -1.0318692 1.0 20.0 0.0 0.0 0.6 1.0
264.96295 48.074593 6.309863 -13.881676 1.0 20.0 0.0 0.0 0.6 1.0
183.7253 90.851776 -14.184044 -40.716835 1.0 20.0 0.0 0.0 0.6 1.0
124.856895 105.22631 3.7853196 9.095947 1.0 20.0 0.0 0.0 0.6 1.0
117.23054 158.90678 5.9161205 12.195507 1.0 20.0 0.0 0.0 0.6 1.0
45.894566 115.31685 12.915752 5.5106673 1.0 20.0 0.0 0.0 0.6 1.0
45.510254 331.8043 -2.055696 -18.238752 1.0 20.0 0.0 0.0 0.6 1.0
155.4732 206.35503 -21.079403 -32.309258 1.0 20.0 0.0 0.0 0.6 1.0
44.604843 351.19308 -9.58801 2.054006 1.0 20.0 0.0 0.0 0.6 1.0
127.569756 133.49326 -17.602695 -24.946339 1.0 20.0 0.0 0.0 0.6 1.0
128.6134 455.02853 -26.259335 -2.2442484 1.0 20.0 0.0 0.0 0.6 1.0
315.97482 492.82214 -15.939386 10.281128 1.0 20.0 0.0 0.0 0.6 1.0
216.01456 309.43164 -0.14591286 32.699135 1.0 20.0 0.0 0.0 0.6 1.0
283.4212 376.81183 -24.031649 -8.309149 1.0 20.0 0.0 0.0 0.6 1.0
366.84467 618.63055 9.619258 5.4583187 1.0 20.0 0.0 0.0 0.6 1.0
348.7143 632.68677 -11.662235 5.0436516 1.0 20.0 0.0 0.0 0.6 1.0
52.83078 618.4475 16.631018 -25.634993 1.0 20.0 0.0 0.0 0.6 1.0
130.45937 526.6218 34.45621 -18.087427 1.0 20.0 0.0 0.0 0.6 1.0
94.30476 531.2936 12.625991 3.0184038 1.0 20.0 0.0 0.0 0.6 1.0
10.145924 410.05283 0.20746921 -19.97924 1.0 20.0 0.0 0.0 0.6 1.0
30.617373 671.3201 4.2052007 3.74112 1.0 20.0 0.0 0.0 0.6 1.0
47.733784 664.689 16.376654 9.956364 1.0 20.0 0.0 0.0 0.6 1.0
28.140526 520.50336 1.2071245 5.8033104 1.0 20.0 0.0 0.0 0.6 1.0
10.0369 573.904 0.2761807 -39.891937 1.0 20.0 0.0 0.0 0.6 1.0
206.07419 555.98175 -19.536077 4.093065 1.0 20.0 0.0 0.0 0.6 1.0
176.81265 698.7952 -9.891026 5.402217 1.0 20.0 0.0 0.0 0.6 1.0
33.09711 542.3555 -11.597194 -23.305012 1.0 20.0 0.0 0.0 0.6 1.0
249.19318 547.3301 -28.573177 8.333799 1.0 20.0 0.0 0.0 0.6 1.0
249.7954 737.9139 -7.978079 8.91055 1.0 20.0 0.0 0.0 0.6 1.0
153.01726 709.79645 -12.112055 -1.606954 1.0 20.0 0.0 0.0 0.6 1.0
203.81801 701.03723 -0.20132679 2.1575186 1.0 20.0 0.0 0.0 0.6 1.0
108.33101 659.441 -31.450663 -5.871137 1.0 20.0 0.0 0.0 0.6 1.0
152.28392 536.1831 -40.68789 -31.668667 1.0 20.0 0.0 0.0 0.6 1.0
336.0601 426.32654 -13.725425 -41.832504 1.0 20.0 0.0 0.0 0.6 1.0
326.7673 538.6589 -4.418444 3.3068435 1.0 20.0 0.0 0.0 0.6 1.0
308.25076 561.4625 -17.60277 -0.92439187 1.0 20.0 0.0 0.0 0.6 1.0
103.752625 171.9973 -8.5693445 -2.3721814 1.0 20.0 0.0 0.0 0.6 1.0
288.92993 107.363266 13.689389 15.796071 1.0 20.0 0.0 0.0 0.6 1.0
340.32703 159.4007 -3.5432982 37.02831 1.0 20.0 0.0 0.0 0.6 1.0
117.35764 231.74263 1.6724696 0.59645456 1.0 20.0 0.0 0.0 0.6 1.0
202.68388 86.08165 -8.693742 -7.3024073 1.0 20.0 0.0 0.0 0.6 1.0
78.37843 165.03174 1.7141091 8.17992 1.0 20.0 0.0 0.0 0.6 1.0
60.264397 155.47888 -6.824105 -4.5943565 1.0 20.0 0.0 0.0 0.6 1.0
84.02886 293.54648 11.384898 18.028082 1.0 20.0 0.0 0.0 0.6 1.0
98.309044 227.68748 -9.272119 -5.3817854 1.0 20.0 0.0 0.0 0.6 1.0
219.9133 423.42664 -8.939782 17.444345 1.0 20.0 0.0 0.0 0.6 1.0
89.235146 267.53687 16.705587 -3.1577438e-2 1.0 20.0 0.0 0.0 0.6 1.0
253.95377 644.4725 -5.2820735 -19.805761 1.0 20.0 0.0 0.0 0.6 1.0
383.08792 345.167 2.463241 -18.237026 1.0 20.0 0.0 0.0 0.6 1.0
263.57593 335.83237 -38.445274 24.21078 1.0 20.0 0.0 0.0 0.6 1.0
201.71678 577.20245 8.597928 24.39857 1.0 20.0 0.0 0.0 0.6 1.0
145.60512 514.86554 16.413996 -8.154667 1.0 20.0 0.0 0.0 0.6 1.0
173.5373 548.7306 25.74444 9.508256 1.0 20.0 0.0 0.0 0.6 1.0
29.179148 562.71234 -16.312775 26.032295 1.0 20.0 0.0 0.0 0.6 1.0
55.700333 582.63086 2.0523868 -2.5197854 1.0 20.0 0.0 0.0 0.6 1.0
63.123676 638.51416 16.653885 -0.7477361 1.0 20.0 0.0 0.0 0.6 1.0
136.56532 699.0205 -3.0446393 -7.6573524 1.0 20.0 0.0 0.0 0.6 1.0
128.93713 634.03186 6.7122684 0.28836313 1.0 20.0 0.0 0.0 0.6 1.0
329.5318 581.65173 -28.285904 0.7972621 1.0 20.0 0.0 0.0 0.6 1.0
303.1187 415.65372 0.74662185 -23.167166 1.0 20.0 0.0 0.0 0.6 1.0
272.7949 487.38516 -11.173517 2.8791602 1.0 20.0 0.0 0.0 0.6 1.0
339.71753 352.19455 2.801365 0.37702283 1.0 20.0 0.0 0.0 0.6 1.0
167.28885 321.12164 13.314056 14.283223 1.0 20.0 0.0 0.0 0.6 1.0
75.31523 249.75938 14.095947 16.056587 1.0 20.0 0.0 0.0 0.6 1.0
122.84632 280.72083 12.093519 -23.363579 1.0 20.0 0.0 0.0 0.6 1.0
123.43612 210.12727 11.11737 -6.1716757 1.0 20.0 0.0 0.0 0.6 1.0
164.0731 222.81317 -7.4632974 9.161374 1.0 20.0 0.0 0.0 0.6 1.0
142.94316 252.97348 -4.912242 -18.838388 1.0 20.0 0.0 0.0 0.6 1.0
137.57346 322.95026 22.504007 26.140614 1.0 20.0 0.0 0.0 0.6 1.0
109.35714 262.13565 2.390848 3.0676777 1.0 20.0 0.0 0.0 0.6 1.0
79.69298 223.87885 -2.762701 -3.2999344 1.0 20.0 0.0 0.0 0.6 1.0
148.30887 178.36847 2.5109067 -7.439645 1.0 20.0 0.0 0.0 0.6 1.0
364.433 185.17377 -3.9413667 -20.956604 1.0 20.0 0.0 0.0 0.6 1.0
163.73354 371.29266 9.641808 17.512241 1.0 20.0 0.0 0.0 0.6 1.0
261.17334 102.54463 5.0471826 14.277588 1.0 20.0 0.0 0.0 0.6 1.0
275.6908 156.73262 -27.342999 16.555092 1.0 20.0 0.0 0.0 0.6 1.0
265.26767 267.99518 -10.870204 2.7088406 1.0 20.0 0.0 0.0 0.6 1.0
224.92036 150.17479 3.5107584 5.0856714 1.0 20.0 0.0 0.0 0.6 1.0
195.18864 132.45569 20.514729 5.247166 1.0 20.0 0.0 0.0 0.6 1.0
161.37274 136.19525 -6.4773054 -5.5265994 1.0 20.0 0.0 0.0 0.6 1.0
178.15198 124.437126 8.141589 -0.44544506 1.0 20.0 0.0 0.0 0.6 1.0
142.1119 152.86139 8.146423 19.073627 1.0 20.0 0.0 0.0 0.6 1.0
158.56078 162.29523 -5.040687 -2.2338395 1.0 20.0 0.0 0.0 0.6 1.0
99.73996 370.54224 0.75550705 -6.6810064 1.0 20.0 0.0 0.0 0.6 1.0
281.11728 617.63544 12.138287 14.324347 1.0 20.0 0.0 0.0 0.6 1.0
143.60773 345.346 18.763506 -2.926813e-2 1.0 20.0 0.0 0.0 0.6 1.0
195.78046 285.58643 29.63537 -2.5576577 1.0 20.0 0.0 0.0 0.6 1.0
80.09437 350.01352 10.565424 -6.179664 1.0 20.0 0.0 0.0 0.6 1.0
114.74373 477.50244 10.697146 27.888845 1.0 20.0 0.0 0.0 0.6 1.0
178.44975 520.9702 11.21817 10.494705 1.0 20.0 0.0 0.0 0.6 1.0
74.51289 395.21478 -0.67289615 5.775321 1.0 20.0 0.0 0.0 0.6 1.0
105.006714 436.05304 0.16654506 -23.266266 1.0 20.0 0.0 0.0 0.6 1.0
143.07483 366.96777 -21.894817 -12.580176 1.0 20.0 0.0 0.0 0.6 1.0
130.57867 487.72153 -18.38665 29.082434 1.0 20.0 0.0 0.0 0.6 1.0
179.4008 631.4488 17.567017 29.710934 1.0 20.0 0.0 0.0 0.6 1.0
90.18411 643.6053 -19.169212 -5.303341 1.0 20.0 0.0 0.0 0.6 1.0
111.83754 570.5116 13.748144 4.184467 1.0 20.0 0.0 0.0 0.6 1.0
143.67155 565.2157 -31.977654 -21.204655 1.0 20.0 0.0 0.0 0.6 1.0
110.738205 626.8233 -41.8973 -28.54363 1.0 20.0 0.0 0.0 0.6 1.0
188.46422 658.5225 -9.712894 -4.238434 1.0 20.0 0.0 0.0 0.6 1.0
215.1673 589.0385 27.37128 -12.763813 1.0 20.0 0.0 0.0 0.6 1.0
251.1548 601.2913 -1.6845704 27.431894 1.0 20.0 0.0 0.0 0.6 1.0
246.8031 474.84995 14.67931 -17.672894 1.0 20.0 0.0 0.0 0.6 1.0
277.32874 427.60986 36.797512 -19.565464 1.0 20.0 0.0 0.0 0.6 1.0
240.69196 257.4983 -16.693102 -23.063715 1.0 20.0 0.0 0.0 0.6 1.0
281.5394 231.44728 2.4341235 -22.901154 1.0 20.0 0.0 0.0 0.6 1.0
239.73697 226.6932 20.37285 -33.87738 1.0 20.0 0.0 0.0 0.6 1.0
172.44366 254.32828 15.506268 -3.2586584 1.0 20.0 0.0 0.0 0.6 1.0
192.832 165.52083 -13.167134 10.496687 1.0 20.0 0.0 0.0 0.6 1.0
254.10071 133.245 -3.2398872 5.8832917 1.0 20.0 0.0 0.0 0.6 1.0
249.59785 193.65515 -1.6325474e-2 2.4087734 1.0 20.0 0.0 0.0 0.6 1.0
226.55092 242.25345 -17.725096 9.472127 1.0 20.0 0.0 0.0 0.6 1.0
169.68137 180.23648 5.0580826 5.892988 1.0 20.0 0.0 0.0 0.6 1.0
217.21729 268.21307 2.2935355 -20.412714 1.0 20.0 0.0 0.0 0.6 1.0
194.71228 237.81136 -13.385988 12.372904 1.0 20.0 0.0 0.0 0.6 1.0
179.26396 387.872 6.599014 14.577189 1.0 20.0 0.0 0.0 0.6 1.0
225.60184 450.4325 38.292763 10.40302 1.0 20.0 0.0 0.0 0.6 1.0
228.34566 343.07117 -38.89448 -20.413082 1.0 20.0 0.0 0.0 0.6 1.0
129.73322 408.77243 26.62709 12.388221 1.0 20.0 0.0 0.0 0.6 1.0
224.57501 551.37244 10.283384 -5.5520887 1.0 20.0 0.0 0.0 0.6 1.0
208.11272 447.03833 -1.6049767 -16.281942 1.0 20.0 0.0 0.0 0.6 1.0
209.42958 488.9881 -6.933972 19.187098 1.0 20.0 0.0 0.0 0.6 1.0
284.49826 464.5514 -6.5515285 20.185137 1.0 20.0 0.0 0.0 0.6 1.0
267.35718 393.86182 5.1235986 34.660625 1.0 20.0 0.0 0.0 0.6 1.0
238.92024 407.50366 -14.994914 -3.768415 1.0 20.0 0.0 0.0 0.6 1.0
222.63034 375.97192 -9.1375 -13.851337 1.0 20.0 0.0 0.0 0.6 1.0
152.92946 406.4277 -8.993036 -10.901678 1.0 20.0 0.0 0.0 0.6 1.0
198.0 428.0 0.0 0.0 1.0 20.0 0.0 0.0 0.6 1.0
157.86584 440.14297 4.0351934 5.1361217 1.0 20.0 0.0 0.0 0.6 1.0
140.12549 389.6738 -10.436659 -22.068403 1.0 20.0 0.0 0.0 0.6 1.0
149.38834 494.54953 -45.853237 8.959726 1.0 20.0 0.0 0.0 0.6 1.0
207.71295 530.3428 -41.440807 0.1602354 1.0 20.0 0.0 0.0 0.6 1.0
143.75119 471.30118 3.5839634 -15.846997 1.0 20.0 0.0 0.0 0.6 1.0