0.5 0.5 0.5 1.0
50 17 20 50 0 10 17 

149.06128 364.72574 -15.1771555 11.056706 1.0 20.0 0.0 0.0 0.6 1.0
373.0761 689.44434 2.5740542 -6.1303625 1.0 20.0 0.0 0.0 0.6 1.0
313.6179 541.0481 4.9736 -2.0637038 1.0 20.0 0.0 0.0 0.6 1.0
275.15714 624.5174 16.176466 1.3674767 1.0 20.0 0.0 0.0 0.6 1.0
333.59872 536.27783 3.6457036 -0.84651756 1.0 20.0 0.0 0.0 0.6 1.0
327.27698 580.7048 2.8608992 -2.3749392 1.0 20.0 0.0 0.0 0.6 1.0
352.44598 619.74164 -0.26477528 0.8387939 1.0 20.0 0.0 0.0 0.6 1.0
419.85672 498.1271 -0.5990776 0.38195264 1.0 20.0 0.0 0.0 0.6 1.0
399.1338 565.9306 3.2515588 -2.224943 1.0 20.0 0.0 0.0 0.6 1.0
419.55423 552.13873 -0.21697414 -0.95796025 1.0 20.0 0.0 0.0 0.6 1.0
275.3187 609.542 15.313981 -0.34072554 1.0 20.0 0.0 0.0 0.6 1.0
446.28787 682.6842 1.9580789 0.16507134 1.0 20.0 0.0 0.0 0.6 1.0
437.00406 584.1278 -1.9137874 -2.049783 1.0 20.0 0.0 0.0 0.6 1.0
389.56873 497.50116 3.3892336 -2.3741455 1.0 20.0 0.0 0.0 0.6 1.0
483.29147 567.9905 -0.83530533 -3.088671 1.0 20.0 0.0 0.0 0.6 1.0
475.85873 593.14 -2.1148312 -2.433322 1.0 20.0 0.0 0.0 0.6 1.0
287.89905 688.1511 4.761273 -10.1603985 1.0 20.0 0.0 0.0 0.6 1.0
304.428 636.4286 4.351075 -8.310497e-3 1.0 20.0 0.0 0.0 0.6 1.0
446.66507 616.15125 -1.0796716 -6.6268215 1.0 20.0 0.0 0.0 0.6 1.0
315.1972 632.4129 1.7766408 0.4420221 1.0 20.0 0.0 0.0 0.6 1.0
347.6393 537.1912 5.096581 -2.5503824 1.0 20.0 0.0 0.0 0.6 1.0
332.4566 672.6059 -1.0129668 -9.89344 1.0 20.0 0.0 0.0 0.6 1.0
470.03348 565.4772 -0.3694278 -2.1912987 1.0 20.0 0.0 0.0 0.6 1.0
297.2463 588.12915 4.7521105 -3.1393895 1.0 20.0 0.0 0.0 0.6 1.0
424.38925 646.46747 5.881363e-2 -8.868085 1.0 20.0 0.0 0.0 0.6 1.0
314.04834 560.3744 5.055783 -0.1641432 1.0 20.0 0.0 0.0 0.6 1.0
363.95477 618.40485 -1.1525998 1.0256637 1.0 20.0 0.0 0.0 0.6 1.0
397.61136 544.5113 2.5377216 -1.4214834 1.0 20.0 0.0 0.0 0.6 1.0
464.4316 639.19244 -1.2156647 -4.263535 1.0 20.0 0.0 0.0 0.6 1.0
278.6227 667.53235 10.512435 -5.8175387 1.0 20.0 0.0 0.0 0.6 1.0
428.31805 668.44934 2.310199 -3.2651072 1.0 20.0 0.0 0.0 0.6 1.0
406.17926 589.5975 2.6666627 -5.3005414 1.0 20.0 0.0 0.0 0.6 1.0
307.02515 547.97424 6.6704187 -2.0499 1.0 20.0 0.0 0.0 0.6 1.0
396.24973 521.8104 2.021998 -4.065728 1.0 20.0 0.0 0.0 0.6 1.0
464.36575 546.79004 0.100904346 -2.2825794 1.0 20.0 0.0 0.0 0.6 1.0
334.9784 609.4419 0.7293924 -3.858435e-2 1.0 20.0 0.0 0.0 0.6 1.0
294.1565 545.91516 9.572344 -2.285935 1.0 20.0 0.0 0.0 0.6 1.0
463.61435 599.9522 -3.1508908 -3.12442 1.0 20.0 0.0 0.0 0.6 1.0
357.75015 541.8522 5.4009356 -1.3269415 1.0 20.0 0.0 0.0 0.6 1.0
278.66275 681.9057 8.842239 -7.547186 1.0 20.0 0.0 0.0 0.6 1.0
378.28845 565.25946 5.2548757 -3.7277913 1.0 20.0 0.0 0.0 0.6 1.0
302.9574 661.90045 3.5025682 -5.4255676 1.0 20.0 0.0 0.0 0.6 1.0
387.3187 597.12897 1.8705249 -6.1844134 1.0 20.0 0.0 0.0 0.6 1.0
358.95468 586.5205 1.5905502 -3.2125435 1.0 20.0 0.0 0.0 0.6 1.0
377.85233 535.683 6.4097357 -3.6173525 1.0 20.0 0.0 0.0 0.6 1.0
317.08585 578.79504 5.7071276 -2.69202 1.0 20.0 0.0 0.0 0.6 1.0
313.53528 526.8424 7.049154 -3.423605 1.0 20.0 0.0 0.0 0.6 1.0
284.35822 628.21246 12.4352455 2.819714 1.0 20.0 0.0 0.0 0.6 1.0
396.24365 575.0608 1.8060349 -4.796529 1.0 20.0 0.0 0.0 0.6 1.0
297.27747 622.1912 7.156481 1.69163 1.0 20.0 0.0 0.0 0.6 1.0
312.99652 672.25366 -0.89773977 -9.131332 1.0 20.0 0.0 0.0 0.6 1.0
434.3668 635.8393 0.41695073 -9.185149 1.0 20.0 0.0 0.0 0.6 1.0
371.1683 526.57 7.046156 -5.4235797 1.0 20.0 0.0 0.0 0.6 1.0
420.2878 597.642 1.5428333 -5.9819503 1.0 20.0 0.0 0.0 0.6 1.0
358.27185 489.81406 3.725817 -0.6974379 1.0 20.0 0.0 0.0 0.6 1.0
299.9819 540.84216 7.9707904 -2.5960598 1.0 20.0 0.0 0.0 0.6 1.0
342.2506 515.977 4.9781256 -5.3079605 1.0 20.0 0.0 0.0 0.6 1.0
317.32025 620.96344 0.8632281 1.9516491 1.0 20.0 0.0 0.0 0.6 1.0
427.91373 604.4772 1.302593 -6.666044 1.0 20.0 0.0 0.0 0.6 1.0
382.49222 667.238 -1.451461 -6.909664 1.0 20.0 0.0 0.0 0.6 1.0
422.36417 521.4936 2.7633853 -1.2043676 1.0 20.0 0.0 0.0 0.6 1.0
464.3875 649.1804 -0.8651573 -3.5033765 1.0 20.0 0.0 0.0 0.6 1.0
382.75974 688.13934 3.159243 -4.920455 1.0 20.0 0.0 0.0 0.6 1.0
336.16537 508.4554 4.4594927 -5.343384 1.0 20.0 0.0 0.0 0.6 1.0
454.5969 518.85077 1.4460312 -4.074662 1.0 20.0 0.0 0.0 0.6 1.0
340.2612 575.0731 3.1007538 -1.6506908 1.0 20.0 0.0 0.0 0.6 1.0
394.746 585.26495 1.94164 -5.284491 1.0 20.0 0.0 0.0 0.6 1.0
419.82513 542.9841 -0.8872294 -2.6386006 1.0 20.0 0.0 0.0 0.6 1.0
432.77234 688.15625 1.2153447 -0.4807833 1.0 20.0 0.0 0.0 0.6 1.0
348.24503 603.3789 0.8242966 -2.221212 1.0 20.0 0.0 0.0 0.6 1.0
390.26727 477.28394 3.0284011 2.059425 1.0 20.0 0.0 0.0 0.6 1.0
344.74966 589.65564 1.342514 -1.9720005 1.0 20.0 0.0 0.0 0.6 1.0
456.89914 618.3292 -1.7373043 -5.6676226 1.0 20.0 0.0 0.0 0.6 1.0
279.34534 601.16547 9.474332 -2.4494984 1.0 20.0 0.0 0.0 0.6 1.0
321.0281 520.27985 4.932833 -4.444009 1.0 20.0 0.0 0.0 0.6 1.0
442.574 656.4937 1.2598135 -4.2397084 1.0 20.0 0.0 0.0 0.6 1.0
326.16553 640.41473 -3.2724826 -2.5394607 1.0 20.0 0.0 0.0 0.6 1.0
375.65594 647.1658 -2.635516 -4.4685 1.0 20.0 0.0 0.0 0.6 1.0
330.4352 550.9815 2.7836308 -1.6721549 1.0 20.0 0.0 0.0 0.6 1.0
353.48206 594.6955 1.2646824 -2.265911 1.0 20.0 0.0 0.0 0.6 1.0
371.6076 658.731 -1.1174192 -6.167756 1.0 20.0 0.0 0.0 0.6 1.0
354.82697 650.3822 -1.5449963 -5.016359 1.0 20.0 0.0 0.0 0.6 1.0
365.23523 648.5352 -2.160326 -4.528584 1.0 20.0 0.0 0.0 0.6 1.0
352.24304 496.62527 3.5614908 -2.6347225 1.0 20.0 0.0 0.0 0.6 1.0
349.0438 547.88196 4.6010656 1.1228821 1.0 20.0 0.0 0.0 0.6 1.0
266.1557 638.94507 15.100056 4.8302536 1.0 20.0 0.0 0.0 0.6 1.0
431.83026 678.28894 2.2490754 -0.5428394 1.0 20.0 0.0 0.0 0.6 1.0
454.97824 638.4643 -0.90899074 -5.1004834 1.0 20.0 0.0 0.0 0.6 1.0
466.00653 657.6933 0.7699702 -4.3933787 1.0 20.0 0.0 0.0 0.6 1.0
468.8985 611.4812 -2.1005282 -3.749648 1.0 20.0 0.0 0.0 0.6 1.0
307.9796 582.0332 6.948245 -1.76584 1.0 20.0 0.0 0.0 0.6 1.0
440.04144 688.86755 1.0544909 0.97470576 1.0 20.0 0.0 0.0 0.6 1.0
460.4245 538.19543 -0.55963576 -3.2489524 1.0 20.0 0.0 0.0 0.6 1.0
278.54657 615.48303 9.962765 1.7543154 1.0 20.0 0.0 0.0 0.6 1.0
312.89185 692.7816 -0.87877893 -11.14628 1.0 20.0 0.0 0.0 0.6 1.0
401.57907 486.81882 1.9598888 3.0198002 1.0 20.0 0.0 0.0 0.6 1.0
344.12524 502.29675 4.1156383 -3.0056276 1.0 20.0 0.0 0.0 0.6 1.0
284.07538 674.8423 8.009513 -9.248364 1.0 20.0 0.0 0.0 0.6 1.0
437.91806 505.8518 -0.9231858 2.547817 1.0 20.0 0.0 0.0 0.6 1.0
399.55093 498.24106 2.0473855 -0.8742422 1.0 20.0 0.0 0.0 0.6 1.0
476.5791 552.89923 0.15713596 -1.4812845 1.0 20.0 0.0 0.0 0.6 1.0
479.9652 561.04913 0.2523663 -2.2522635 1.0 20.0 0.0 0.0 0.6 1.0
384.66595 635.1997 -2.0540912 -5.0001917 1.0 20.0 0.0 0.0 0.6 1.0
314.11166 662.2288 -0.59021753 -8.396981 1.0 20.0 0.0 0.0 0.6 1.0
318.8118 551.54205 3.71663 0.50268835 1.0 20.0 0.0 0.0 0.6 1.0
302.27084 692.50903 2.4858675 -10.280748 1.0 20.0 0.0 0.0 0.6 1.0
414.08514 630.3599 0.37953928 -9.776634 1.0 20.0 0.0 0.0 0.6 1.0
303.74738 672.60693 1.6429558 -8.526105 1.0 20.0 0.0 0.0 0.6 1.0
378.42377 590.6389 3.5186114 -5.931159 1.0 20.0 0.0 0.0 0.6 1.0
366.73676 512.61755 7.464161 -5.380676 1.0 20.0 0.0 0.0 0.6 1.0
386.96445 573.1002 2.8457766 -4.221237 1.0 20.0 0.0 0.0 0.6 1.0
457.69028 564.11 -1.9138615 -2.1268167 1.0 20.0 0.0 0.0 0.6 1.0
415.84387 485.2828 2.2102714 3.626042 1.0 20.0 0.0 0.0 0.6 1.0
339.13538 598.46924 0.5360619 -1.233679 1.0 20.0 0.0 0.0 0.6 1.0
428.96356 502.2665 -2.5250492 0.9293308 1.0 20.0 0.0 0.0 0.6 1.0
293.11044 564.6557 4.2160554 4.805228e-2 1.0 20.0 0.0 0.0 0.6 1.0
410.51276 559.06274 1.4166846 -0.544567 1.0 20.0 0.0 0.0 0.6 1.0
300.90457 601.7074 4.7922096 -0.47177613 1.0 20.0 0.0 0.0 0.6 1.0
290.04623 573.9869 1.6936432 3.2105477 1.0 20.0 0.0 0.0 0.6 1.0
363.14505 523.41425 7.52831 -5.6013327 1.0 20.0 0.0 0.0 0.6 1.0
294.0606 668.7173 4.6458077 -8.8717375 1.0 20.0 0.0 0.0 0.6 1.0
381.64102 508.3832 5.7815757 -6.39394 1.0 20.0 0.0 0.0 0.6 1.0
376.72983 576.63293 2.870039 -4.875513 1.0 20.0 0.0 0.0 0.6 1.0
469.9403 534.72797 0.17074704 -2.9387012 1.0 20.0 0.0 0.0 0.6 1.0
436.866 664.9382 3.317488 -2.4515414 1.0 20.0 0.0 0.0 0.6 1.0
408.5096 480.18372 3.182694 1.396263 1.0 20.0 0.0 0.0 0.6 1.0
436.86084 573.095 -2.8882837 -1.2517303 1.0 20.0 0.0 0.0 0.6 1.0
322.8268 693.28687 -0.27654 -10.323689 1.0 20.0 0.0 0.0 0.6 1.0
388.93195 562.5167 4.3856125 -1.6402175 1.0 20.0 0.0 0.0 0.6 1.0
371.90225 489.87625 4.6082544 -1.1800168 1.0 20.0 0.0 0.0 0.6 1.0
400.9653 675.6542 8.825463e-2 -3.7217264 1.0 20.0 0.0 0.0 0.6 1.0
406.63226 612.8052 2.9931283 -8.864258 1.0 20.0 0.0 0.0 0.6 1.0
397.07294 650.8447 -1.950607 -7.5712 1.0 20.0 0.0 0.0 0.6 1.0
381.74747 486.64685 4.3591323 0.34056216 1.0 20.0 0.0 0.0 0.6 1.0
308.63953 651.5391 0.9193858 -3.321533 1.0 20.0 0.0 0.0 0.6 1.0
301.10733 564.62524 2.5492706 0.28002158 1.0 20.0 0.0 0.0 0.6 1.0
349.16663 509.2663 5.681548 -3.617211 1.0 20.0 0.0 0.0 0.6 1.0
344.15753 612.1699 1.1790028 -0.7112323 1.0 20.0 0.0 0.0 0.6 1.0
425.267 690.5404 1.0229907 0.30368575 1.0 20.0 0.0 0.0 0.6 1.0
362.66653 681.33215 0.99886215 -6.0720243 1.0 20.0 0.0 0.0 0.6 1.0
444.61014 594.87775 -3.2930126 -3.1169229 1.0 20.0 0.0 0.0 0.6 1.0
298.02118 611.20667 6.2168083 0.4661486 1.0 20.0 0.0 0.0 0.6 1.0
445.1951 555.36865 -2.3329146 -1.7130262 1.0 20.0 0.0 0.0 0.6 1.0
337.0278 584.04004 1.8900931 -2.2821121 1.0 20.0 0.0 0.0 0.6 1.0
418.26956 668.79144 0.4666893 -3.9351153 1.0 20.0 0.0 0.0 0.6 1.0
288.34726 661.37836 7.886161 -6.580269 1.0 20.0 0.0 0.0 0.6 1.0
394.68848 629.4888 -0.84640694 -6.4909935 1.0 20.0 0.0 0.0 0.6 1.0
416.1216 508.36633 0.630472 -9.62733e-2 1.0 20.0 0.0 0.0 0.6 1.0
365.39276 497.06586 5.477023 -1.2888798 1.0 20.0 0.0 0.0 0.6 1.0
480.76563 575.1237 -0.4337436 -2.0968628 1.0 20.0 0.0 0.0 0.6 1.0
395.2172 640.8056 -1.6267056 -6.992666 1.0 20.0 0.0 0.0 0.6 1.0
433.44824 493.84805 -1.7468884 -1.724298 1.0 20.0 0.0 0.0 0.6 1.0
426.46448 589.1481 -1.2374852 -4.683215 1.0 20.0 0.0 0.0 0.6 1.0
405.9361 578.7867 1.2153717 -3.434558 1.0 20.0 0.0 0.0 0.6 1.0
352.45575 640.6149 -2.4582262 -3.2696881 1.0 20.0 0.0 0.0 0.6 1.0
359.60126 563.1362 3.0009503 -0.70813656 1.0 20.0 0.0 0.0 0.6 1.0
338.91922 543.7279 4.7555475 -0.83716506 1.0 20.0 0.0 0.0 0.6 1.0
410.56595 686.3065 1.238501 -1.9722302 1.0 20.0 0.0 0.0 0.6 1.0
308.04718 570.4159 10.522069 -3.4104652 1.0 20.0 0.0 0.0 0.6 1.0
377.32922 545.83575 5.614916 -1.1859567 1.0 20.0 0.0 0.0 0.6 1.0
329.25327 617.7354 -0.8829988 -0.13837004 1.0 20.0 0.0 0.0 0.6 1.0
327.4675 602.93335 0.3818778 -0.86497104 1.0 20.0 0.0 0.0 0.6 1.0
454.81308 552.91907 -2.1709766 -1.8570187 1.0 20.0 0.0 0.0 0.6 1.0
374.28012 637.57635 -1.5452938 -2.9787276 1.0 20.0 0.0 0.0 0.6 1.0
287.6377 618.2494 10.272231 1.1826481 1.0 20.0 0.0 0.0 0.6 1.0
380.1931 478.18045 3.7589705 1.6404128 1.0 20.0 0.0 0.0 0.6 1.0
416.42014 608.4331 2.7993786 -8.516242 1.0 20.0 0.0 0.0 0.6 1.0
276.6222 657.057 12.306209 -3.3740664 1.0 20.0 0.0 0.0 0.6 1.0
356.08948 516.77155 7.264373 -5.7260284 1.0 20.0 0.0 0.0 0.6 1.0
318.47824 589.4283 3.7801998 -1.5148392 1.0 20.0 0.0 0.0 0.6 1.0
478.16605 583.508 -1.6311147 -2.5748692 1.0 20.0 0.0 0.0 0.6 1.0
447.08896 584.55115 -3.607873 -2.018738 1.0 20.0 0.0 0.0 0.6 1.0
353.15073 691.77484 2.8648384 -8.632273 1.0 20.0 0.0 0.0 0.6 1.0
440.92712 547.1148 -2.454987 -2.2644253 1.0 20.0 0.0 0.0 0.6 1.0
424.44 489.92334 -0.9007871 2.9492595 1.0 20.0 0.0 0.0 0.6 1.0
415.2177 619.6933 1.8387368 -9.673409 1.0 20.0 0.0 0.0 0.6 1.0
362.03156 670.2179 0.21994728 -6.164916 1.0 20.0 0.0 0.0 0.6 1.0
388.87503 620.8402 0.16829395 -5.320742 1.0 20.0 0.0 0.0 0.6 1.0
434.21704 595.5649 -3.0890253 -5.6961 1.0 20.0 0.0 0.0 0.6 1.0
372.35867 679.7369 7.6915205e-2 -5.9921355 1.0 20.0 0.0 0.0 0.6 1.0
375.68665 517.13464 8.779707 -4.982085 1.0 20.0 0.0 0.0 0.6 1.0
331.37714 650.13525 1.346814 -5.253453 1.0 20.0 0.0 0.0 0.6 1.0
294.04086 693.4554 2.7384849 -10.213654 1.0 20.0 0.0 0.0 0.6 1.0
425.2458 512.35565 -1.2265651 -2.7368307e-2 1.0 20.0 0.0 0.0 0.6 1.0
440.81277 675.74054 2.6858623 -0.54766554 1.0 20.0 0.0 0.0 0.6 1.0
399.25845 477.09424 2.6805162 0.5801914 1.0 20.0 0.0 0.0 0.6 1.0
426.1876 614.9046 1.4619393 -8.687927 1.0 20.0 0.0 0.0 0.6 1.0
372.18555 668.5129 -0.70604396 -6.436903 1.0 20.0 0.0 0.0 0.6 1.0
368.42163 568.97614 3.4799383 -2.4402537 1.0 20.0 0.0 0.0 0.6 1.0
431.02 655.6214 1.7016122 -6.055652 1.0 20.0 0.0 0.0 0.6 1.0
319.11435 598.24036 0.23913541 0.19710398 1.0 20.0 0.0 0.0 0.6 1.0
450.61282 542.8522 -1.7715826 -1.5593357 1.0 20.0 0.0 0.0 0.6 1.0
284.3264 592.62006 6.0404387 -0.76260704 1.0 20.0 0.0 0.0 0.6 1.0
447.41547 532.9416 -0.51145864 -2.401626 1.0 20.0 0.0 0.0 0.6 1.0
433.12485 526.6143 -6.356791e-2 -1.8316661 1.0 20.0 0.0 0.0 0.6 1.0
466.36627 620.45575 -1.59488 -4.4308476 1.0 20.0 0.0 0.0 0.6 1.0
356.68112 530.89874 6.211556 -4.531167 1.0 20.0 0.0 0.0 0.6 1.0
343.136 691.45294 1.735616 -10.241072 1.0 20.0 0.0 0.0 0.6 1.0
421.45605 679.7687 1.1039106 -1.2646003 1.0 20.0 0.0 0.0 0.6 1.0
370.6309 583.39435 2.4860783 -4.2653427 1.0 20.0 0.0 0.0 0.6 1.0
472.72513 602.55927 -2.413346 -2.5885496 1.0 20.0 0.0 0.0 0.6 1.0
397.0088 616.48413 1.1488528 -7.818813 1.0 20.0 0.0 0.0 0.6 1.0
381.20764 626.0598 -1.9952846 -3.584803 1.0 20.0 0.0 0.0 0.6 1.0
335.62262 659.55316 -0.79194784 -7.107896 1.0 20.0 0.0 0.0 0.6 1.0
387.9711 517.34064 4.0233984 -4.5737042 1.0 20.0 0.0 0.0 0.6 1.0
385.41483 584.3812 2.8901293 -6.028834 1.0 20.0 0.0 0.0 0.6 1.0
320.296 610.77576 1.198022 1.4109291 1.0 20.0 0.0 0.0 0.6 1.0
421.50757 659.5383 2.1142728 -5.496054 1.0 20.0 0.0 0.0 0.6 1.0
391.41913 486.96887 2.9628646 1.5268509 1.0 20.0 0.0 0.0 0.6 1.0
102.03186 125.90189 -21.321793 6.5838475 1.0 20.0 0.0 0.0 0.6 1.0
359.37332 628.9448 -3.1103039 -0.15968215 1.0 20.0 0.0 0.0 0.6 1.0
447.98706 565.4349 -2.7784417 -1.3775895 1.0 20.0 0.0 0.0 0.6 1.0
410.47818 538.8318 6.795907e-2 -1.7881792 1.0 20.0 0.0 0.0 0.6 1.0
408.94974 568.64496 1.5058949 -1.2598808 1.0 20.0 0.0 0.0 0.6 1.0
295.95685 654.44006 6.828411 -3.9106646 1.0 20.0 0.0 0.0 0.6 1.0
327.31058 527.785 5.1944585 -2.3567152 1.0 20.0 0.0 0.0 0.6 1.0
410.8394 493.2532 2.3337598 2.1227694 1.0 20.0 0.0 0.0 0.6 1.0
298.108 576.6826 8.453032 -2.9267852 1.0 20.0 0.0 0.0 0.6 1.0
345.9967 566.9391 -3.0079126e-2 -1.5394449e-2 1.0 20.0 0.0 0.0 0.6 1.0
431.0481 553.4597 -1.1679074 -1.506398 1.0 20.0 0.0 0.0 0.6 1.0
320.7333 652.40027 -2.2593174 -8.249059 1.0 20.0 0.0 0.0 0.6 1.0
438.137 535.78613 -1.3908429 -2.074827 1.0 20.0 0.0 0.0 0.6 1.0
312.51324 683.5856 3.2737255e-2 -12.017293 1.0 20.0 0.0 0.0 0.6 1.0
405.8617 647.6903 -1.2701409 -5.897687 1.0 20.0 0.0 0.0 0.6 1.0
410.7852 676.2642 0.2836012 -2.6098702 1.0 20.0 0.0 0.0 0.6 1.0
363.36606 690.8804 1.6282077 -7.8494225 1.0 20.0 0.0 0.0 0.6 1.0
443.72446 523.69604 0.20898037 -1.5531604 1.0 20.0 0.0 0.0 0.6 1.0
286.4243 649.841 9.962667 -3.040202 1.0 20.0 0.0 0.0 0.6 1.0
302.16254 683.62555 3.0642204 -11.3090315 1.0 20.0 0.0 0.0 0.6 1.0
401.8619 685.8891 1.6122841 -2.4697397 1.0 20.0 0.0 0.0 0.6 1.0
382.47586 657.2693 -2.09621 -6.6425924 1.0 20.0 0.0 0.0 0.6 1.0
319.3402 569.52966 7.3400245 -1.807076 1.0 20.0 0.0 0.0 0.6 1.0
358.38107 504.52933 5.1186104 -3.6383958 1.0 20.0 0.0 0.0 0.6 1.0
424.9316 625.37415 0.8931877 -9.99395 1.0 20.0 0.0 0.0 0.6 1.0
404.36768 624.6045 0.567183 -8.60283 1.0 20.0 0.0 0.0 0.6 1.0
377.48697 602.325 5.199498e-2 -4.3756323 1.0 20.0 0.0 0.0 0.6 1.0
380.2127 498.03903 5.2757144 -2.3351295 1.0 20.0 0.0 0.0 0.6 1.0
466.63705 525.81305 -1.826606 -4.601454 1.0 20.0 0.0 0.0 0.6 1.0
349.25717 524.01434 5.4790206 -5.372841 1.0 20.0 0.0 0.0 0.6 1.0
279.8364 637.4885 13.146522 1.5925012 1.0 20.0 0.0 0.0 0.6 1.0
400.65778 535.35223 2.3288822 -2.1409454 1.0 20.0 0.0 0.0 0.6 1.0
416.56967 577.98315 -0.3032675 -2.636668 1.0 20.0 0.0 0.0 0.6 1.0
457.3389 528.6293 -0.46949434 -3.8525312 1.0 20.0 0.0 0.0 0.6 1.0
399.83923 556.17426 2.3913121 -1.1001712 1.0 20.0 0.0 0.0 0.6 1.0
404.38443 636.3052 -0.73884225 -7.399892 1.0 20.0 0.0 0.0 0.6 1.0
467.01163 590.91595 -3.032839 -2.631837 1.0 20.0 0.0 0.0 0.6 1.0
294.64575 631.8642 8.451971 1.1370608 1.0 20.0 0.0 0.0 0.6 1.0
414.35925 641.27124 -0.71624637 -8.425549 1.0 20.0 0.0 0.0 0.6 1.0
341.06033 668.5062 1.0615743 -7.9137287 1.0 20.0 0.0 0.0 0.6 1.0
401.81174 512.7437 1.9669546 -2.3195014 1.0 20.0 0.0 0.0 0.6 1.0
385.7125 645.9802 -2.5512562 -6.204376 1.0 20.0 0.0 0.0 0.6 1.0
288.4122 583.84753 3.0717456 -3.4093857e-3 1.0 20.0 0.0 0.0 0.6 1.0
349.88852 558.4304 3.4520793 0.5688124 1.0 20.0 0.0 0.0 0.6 1.0
361.61832 483.76447 4.3775115 -3.1151354e-2 1.0 20.0 0.0 0.0 0.6 1.0
371.77625 504.5699 6.9558754 -3.4225774 1.0 20.0 0.0 0.0 0.6 1.0
325.74475 542.48315 2.7685304 -0.38977394 1.0 20.0 0.0 0.0 0.6 1.0
375.351 616.72784 -1.3128574 -2.0889978 1.0 20.0 0.0 0.0 0.6 1.0
349.86307 580.69684 2.0682313 -2.3813434 1.0 20.0 0.0 0.0 0.6 1.0
379.71085 554.70416 5.3697743 -1.0933379 1.0 20.0 0.0 0.0 0.6 1.0
333.2231 692.7309 0.44084936 -9.999142 1.0 20.0 0.0 0.0 0.6 1.0
275.4866 646.42053 13.542227 -0.33446383 1.0 20.0 0.0 0.0 0.6 1.0
314.77884 642.7078 -6.0467725 -2.1933792 1.0 20.0 0.0 0.0 0.6 1.0
455.57272 628.30664 -1.6046256 -5.70522 1.0 20.0 0.0 0.0 0.6 1.0
341.5881 530.04736 5.3000565 -2.6072288 1.0 20.0 0.0 0.0 0.6 1.0
342.65125 681.3904 0.72175467 -9.309919 1.0 20.0 0.0 0.0 0.6 1.0
409.90112 599.38745 3.2189865 -7.3606086 1.0 20.0 0.0 0.0 0.6 1.0
383.28903 611.0769 -0.48711622 -4.6433873 1.0 20.0 0.0 0.0 0.6 1.0
393.02243 507.50296 2.710852 -3.2397916 1.0 20.0 0.0 0.0 0.6 1.0
473.471 543.8419 0.63357234 -2.0759983 1.0 20.0 0.0 0.0 0.6 1.0
458.59552 509.3225 -0.8532826 1.0647672 1.0 20.0 0.0 0.0 0.6 1.0
442.63263 498.26608 2.3803167 -2.5112143 1.0 20.0 0.0 0.0 0.6 1.0
467.04584 556.25696 -9.1537714e-2 -2.5673575 1.0 20.0 0.0 0.0 0.6 1.0
392.3185 686.89685 2.7920551 -4.0309215 1.0 20.0 0.0 0.0 0.6 1.0
325.18872 629.24475 -1.4977654 -1.1531937 1.0 20.0 0.0 0.0 0.6 1.0
269.95624 668.8093 9.52212 -3.7928898 1.0 20.0 0.0 0.0 0.6 1.0
304.36404 555.0531 5.8416033 1.0048453 1.0 20.0 0.0 0.0 0.6 1.0
360.82794 660.321 0.85898226 -6.2186537 1.0 20.0 0.0 0.0 0.6 1.0
430.0913 543.1914 -1.9237211 -1.215075 1.0 20.0 0.0 0.0 0.6 1.0
416.0836 652.692 0.18047312 -6.628745 1.0 20.0 0.0 0.0 0.6 1.0
401.66693 603.97186 2.4503162 -7.8911295 1.0 20.0 0.0 0.0 0.6 1.0
338.29666 637.01154 -4.66631 -3.9581385 1.0 20.0 0.0 0.0 0.6 1.0
414.46268 529.7034 0.20864666 -2.984375 1.0 20.0 0.0 0.0 0.6 1.0
361.77856 600.3568 0.6269348 -3.35431 1.0 20.0 0.0 0.0 0.6 1.0
341.5806 645.10004 -0.18547672 -3.5114012 1.0 20.0 0.0 0.0 0.6 1.0
382.00577 678.269 -4.7248125e-2 -6.0808105 1.0 20.0 0.0 0.0 0.6 1.0
455.19238 648.9307 -2.2065759e-2 -4.607133 1.0 20.0 0.0 0.0 0.6 1.0
366.8642 536.2861 6.511355 -2.2175999 1.0 20.0 0.0 0.0 0.6 1.0
465.09058 629.8561 -1.1038365 -4.7365885 1.0 20.0 0.0 0.0 0.6 1.0
370.24033 480.57584 5.4357004 -0.34778082 1.0 20.0 0.0 0.0 0.6 1.0
369.4129 557.43726 5.140932 9.905869e-2 1.0 20.0 0.0 0.0 0.6 1.0
270.98764 633.425 14.995209 1.556103 1.0 20.0 0.0 0.0 0.6 1.0
340.40277 621.9782 -0.48625362 -1.3877982 1.0 20.0 0.0 0.0 0.6 1.0
415.94827 587.38275 0.9433807 -4.9452367 1.0 20.0 0.0 0.0 0.6 1.0
468.31683 581.2962 -1.6562674 -2.7542343 1.0 20.0 0.0 0.0 0.6 1.0
407.23117 504.4327 1.778108 -0.7985372 1.0 20.0 0.0 0.0 0.6 1.0
460.36023 670.737 3.0260406 -3.1481512 1.0 20.0 0.0 0.0 0.6 1.0
389.36694 551.85925 3.5109746 0.24945986 1.0 20.0 0.0 0.0 0.6 1.0
444.4046 646.8261 -0.42211282 -5.6081653 1.0 20.0 0.0 0.0 0.6 1.0
362.77603 576.524 2.4747179 -3.4283905 1.0 20.0 0.0 0.0 0.6 1.0
459.22998 608.80115 -1.3500204 -4.364849 1.0 20.0 0.0 0.0 0.6 1.0
344.60193 654.2912 -1.1028202 -3.4276288 1.0 20.0 0.0 0.0 0.6 1.0
382.89914 526.47955 6.076339 -1.8201175 1.0 20.0 0.0 0.0 0.6 1.0
434.4599 516.3694 -0.48143262 0.38646758 1.0 20.0 0.0 0.0 0.6 1.0
329.8395 571.44965 6.6571097 -2.6910186 1.0 20.0 0.0 0.0 0.6 1.0
354.3723 571.8339 2.5951176 -2.0126314 1.0 20.0 0.0 0.0 0.6 1.0
391.50864 677.5697 0.64601994 -5.4609523 1.0 20.0 0.0 0.0 0.6 1.0
359.2151 552.4088 5.901452 3.4642756e-2 1.0 20.0 0.0 0.0 0.6 1.0
437.29486 562.3443 -2.20451 -0.7953707 1.0 20.0 0.0 0.0 0.6 1.0
293.99332 553.8392 6.997608 -1.4395406 1.0 20.0 0.0 0.0 0.6 1.0
325.63635 662.9032 -2.7217724 -10.566882 1.0 20.0 0.0 0.0 0.6 1.0
336.302 563.10486 2.143611 -1.5551006 1.0 20.0 0.0 0.0 0.6 1.0
392.7723 666.4638 -2.4105685 -5.947721 1.0 20.0 0.0 0.0 0.6 1.0
322.2857 673.3781 -2.5252602 -11.645619 1.0 20.0 0.0 0.0 0.6 1.0
271.629 677.5366 8.6715355 -6.65189 1.0 20.0 0.0 0.0 0.6 1.0
290.44702 640.95154 8.536163 -0.3323157 1.0 20.0 0.0 0.0 0.6 1.0
451.1416 503.86023 3.3211484 -7.737875e-4 1.0 20.0 0.0 0.0 0.6 1.0
391.18488 531.4508 4.523157 -3.779298 1.0 20.0 0.0 0.0 0.6 1.0
453.05273 658.061 0.965646 -3.1770177 1.0 20.0 0.0 0.0 0.6 1.0
328.65997 514.3929 3.9721653 -5.8556175 1.0 20.0 0.0 0.0 0.6 1.0
447.2868 574.85486 -3.1275177 -1.9355843 1.0 20.0 0.0 0.0 0.6 1.0
438.5125 605.92487 0.63320285 -6.953968 1.0 20.0 0.0 0.0 0.6 1.0
454.3222 595.94336 -3.34543 -2.8615735 1.0 20.0 0.0 0.0 0.6 1.0
348.44928 630.94604 -3.8371115 -1.2361524 1.0 20.0 0.0 0.0 0.6 1.0
424.72354 533.17664 -0.68392944 -2.5617554 1.0 20.0 0.0 0.0 0.6 1.0
453.92905 676.66095 2.6725907 -0.9820168 1.0 20.0 0.0 0.0 0.6 1.0
353.03003 683.40063 0.9113809 -6.9276943 1.0 20.0 0.0 0.0 0.6 1.0
446.3488 511.85962 2.2572281 0.8896044 1.0 20.0 0.0 0.0 0.6 1.0
445.18515 626.42706 -0.6301873 -7.5891843 1.0 20.0 0.0 0.0 0.6 1.0
448.46658 668.201 2.6612563 -0.39586788 1.0 20.0 0.0 0.0 0.6 1.0
339.86664 554.7894 2.1776805 0.1801238 1.0 20.0 0.0 0.0 0.6 1.0
434.77588 645.7117 4.743156e-2 -8.317773 1.0 20.0 0.0 0.0 0.6 1.0
424.41678 635.78174 6.797075e-2 -10.177627 1.0 20.0 0.0 0.0 0.6 1.0
293.02274 681.00665 5.4616404 -11.986073 1.0 20.0 0.0 0.0 0.6 1.0
470.184 571.86487 -1.1908231 -2.7049837 1.0 20.0 0.0 0.0 0.6 1.0
287.29416 606.33264 10.236622 0.17279202 1.0 20.0 0.0 0.0 0.6 1.0
363.19235 638.645 -1.2872645 -1.6925316 1.0 20.0 0.0 0.0 0.6 1.0
322.63867 684.07166 -1.2766331 -11.3181 1.0 20.0 0.0 0.0 0.6 1.0
460.85812 663.42285 0.5750104 -2.727142 1.0 20.0 0.0 0.0 0.6 1.0
307.67215 592.51 2.592374 -1.3837618 1.0 20.0 0.0 0.0 0.6 1.0
311.00516 603.5544 2.3294125 0.87723756 1.0 20.0 0.0 0.0 0.6 1.0
351.9704 672.5821 1.2613711 -6.7075205 1.0 20.0 0.0 0.0 0.6 1.0
391.8153 607.02496 1.3351849 -6.9825077 1.0 20.0 0.0 0.0 0.6 1.0
387.31433 540.92456 4.808466 -2.383399 1.0 20.0 0.0 0.0 0.6 1.0
299.95203 645.0765 5.821043 -2.4514897 1.0 20.0 0.0 0.0 0.6 1.0
356.92432 609.5936 2.6394129e-2 -0.41000664 1.0 20.0 0.0 0.0 0.6 1.0
370.5995 627.8453 -2.442475 -1.1578424 1.0 20.0 0.0 0.0 0.6 1.0
369.37878 607.974 -0.89134574 -1.9022156 1.0 20.0 0.0 0.0 0.6 1.0
464.31256 517.2479 -2.7993932 -1.8614216 1.0 20.0 0.0 0.0 0.6 1.0
292.15277 597.1974 7.8247986 -1.2185793 1.0 20.0 0.0 0.0 0.6 1.0
306.97318 533.96454 6.984006 -3.6084867 1.0 20.0 0.0 0.0 0.6 1.0
319.87283 533.3195 4.334921 -3.759469 1.0 20.0 0.0 0.0 0.6 1.0
368.26218 546.5657 6.1318617 -0.34565288 1.0 20.0 0.0 0.0 0.6 1.0
332.70764 683.6887 -0.39059138 -10.364286 1.0 20.0 0.0 0.0 0.6 1.0
406.25504 662.21106 -1.1653447 -5.157387 1.0 20.0 0.0 0.0 0.6 1.0
406.25504 662.21106 -1.1653447 -5.157387 1.0 20.0 0.0 0.0 0.6 1.0
396.75665 595.0508 2.9230547 -7.2348337 1.0 20.0 0.0 0.0 0.6 1.0
266.8126 647.9505 11.682696 1.7881843 1.0 20.0 0.0 0.0 0.6 1.0
334.7338 521.8396 5.0833836 -2.6110222 1.0 20.0 0.0 0.0 0.6 1.0
307.87726 613.8438 3.627794 1.9831728 1.0 20.0 0.0 0.0 0.6 1.0
350.29453 662.51715 1.6350383 -6.4593325 1.0 20.0 0.0 0.0 0.6 1.0
268.17065 658.2953 10.377414 -1.6257949 1.0 20.0 0.0 0.0 0.6 1.0
330.298 592.05475 1.3784635 -1.4233156 1.0 20.0 0.0 0.0 0.6 1.0
427.1222 579.0135 -1.0244882 -2.9160206 1.0 20.0 0.0 0.0 0.6 1.0
444.64194 636.5192 -0.16055137 -7.102161 1.0 20.0 0.0 0.0 0.6 1.0
306.26373 624.91815 4.716078 1.3170623 1.0 20.0 0.0 0.0 0.6 1.0
408.12994 548.4867 0.95064664 -0.6664376 1.0 20.0 0.0 0.0 0.6 1.0
423.56006 565.6403 -0.85652566 -1.3465152 1.0 20.0 0.0 0.0 0.6 1.0
423.56006 565.6403 -0.85652566 -1.3465152 1.0 20.0 0.0 0.0 0.6 1.0
416.70334 689.9995 0.77868974 -1.5111775 1.0 20.0 0.0 0.0 0.6 1.0
449.06305 606.03406 0.5751256 -4.575288 1.0 20.0 0.0 0.0 0.6 1.0
411.6365 517.4015 1.7963866 -0.9702012 1.0 20.0 0.0 0.0 0.6 1.0
457.97333 574.73047 -2.4816194 -2.484462 1.0 20.0 0.0 0.0 0.6 1.0
392.667 656.71893 -2.4777055 -6.9358697 1.0 20.0 0.0 0.0 0.6 1.0
435.02878 625.7033 0.49286374 -8.859526 1.0 20.0 0.0 0.0 0.6 1.0
404.84274 526.02216 -1.213254 -2.4072664 1.0 20.0 0.0 0.0 0.6 1.0
436.28806 615.66876 0.2862497 -8.394624 1.0 20.0 0.0 0.0 0.6 1.0
334.77374 629.599 -3.7085466 -2.809105 1.0 20.0 0.0 0.0 0.6 1.0
368.156 594.42377 1.410891 -3.9215918 1.0 20.0 0.0 0.0 0.6 1.0
325.91992 560.2706 3.806182 -2.0500708 1.0 20.0 0.0 0.0 0.6 1.0
456.64328 585.7777 -3.1539006 -2.1121066 1.0 20.0 0.0 0.0 0.6 1.0