0.5 0.5 0.5 1.0
1.4648438e8 4.0 2929687.3 4.8828125e8 0.0 0.19999999 

129.035 400.9929 -7.360358 8.583463 1.0 20.0 0.0 0.0 0.6 1.0
133.95436 448.80002 -5.4985676 10.284428 1.0 20.0 0.0 0.0 0.6 1.0
175.48074 516.3682 -1.8373009 8.934708 1.0 20.0 0.0 0.0 0.6 1.0
137.26587 432.33957 -7.01077 8.638666 1.0 20.0 0.0 0.0 0.6 1.0
254.35028 425.07648 -3.218174e-2 -0.5901873 1.0 20.0 0.0 0.0 0.6 1.0
164.47028 390.54715 -14.307724 10.832482 1.0 20.0 0.0 0.0 0.6 1.0
225.33626 399.00974 6.2493906 4.6149282 1.0 20.0 0.0 0.0 0.6 1.0
184.33969 433.3531 -9.896659 16.25013 1.0 20.0 0.0 0.0 0.6 1.0
194.55412 340.28326 8.398758 4.170827 1.0 20.0 0.0 0.0 0.6 1.0
219.5701 493.23633 5.875188 14.34744 1.0 20.0 0.0 0.0 0.6 1.0
187.65364 430.68094 2.5107954 3.3614354 1.0 20.0 0.0 0.0 0.6 1.0
216.69527 492.1193 7.7444344 13.480749 1.0 20.0 0.0 0.0 0.6 1.0
187.38734 350.16882 -1.4366406 -3.20258 1.0 20.0 0.0 0.0 0.6 1.0
128.41078 404.03528 -2.9492965 2.6340604 1.0 20.0 0.0 0.0 0.6 1.0
170.65569 355.88882 0.82151365 3.0408695 1.0 20.0 0.0 0.0 0.6 1.0
176.58391 401.69727 1.2970388 8.042051 1.0 20.0 0.0 0.0 0.6 1.0
153.90906 510.05136 -2.7028036 12.309848 1.0 20.0 0.0 0.0 0.6 1.0
151.96056 444.15997 -2.0485458 7.065879 1.0 20.0 0.0 0.0 0.6 1.0
168.45308 439.59305 2.832283 16.011204 1.0 20.0 0.0 0.0 0.6 1.0
215.99365 370.449 9.124244 5.617345 1.0 20.0 0.0 0.0 0.6 1.0
155.75949 346.15317 -0.61593026 11.455155 1.0 20.0 0.0 0.0 0.6 1.0
197.73595 379.3123 3.1510553 5.2143335 1.0 20.0 0.0 0.0 0.6 1.0
210.32275 509.4314 4.2090373 9.026137 1.0 20.0 0.0 0.0 0.6 1.0
243.28882 476.9653 5.831337 9.016744 1.0 20.0 0.0 0.0 0.6 1.0
113.0204 469.54938 -6.670742 8.228603 1.0 20.0 0.0 0.0 0.6 1.0
199.10693 462.2446 10.524535 6.867877 1.0 20.0 0.0 0.0 0.6 1.0
200.25931 342.61517 -0.33353412 5.1103287 1.0 20.0 0.0 0.0 0.6 1.0
253.89761 439.7475 -0.7650175 0.82945526 1.0 20.0 0.0 0.0 0.6 1.0
239.68219 373.18695 3.8270378 6.391947 1.0 20.0 0.0 0.0 0.6 1.0
195.33656 463.95865 -5.107417 8.042521 1.0 20.0 0.0 0.0 0.6 1.0
244.86272 378.53848 2.313547 16.47445 1.0 20.0 0.0 0.0 0.6 1.0
165.95473 373.21088 -0.51253855 5.754412 1.0 20.0 0.0 0.0 0.6 1.0
167.51476 373.9527 -5.2833643 8.781971 1.0 20.0 0.0 0.0 0.6 1.0
254.72472 397.21548 15.66468 13.421613 1.0 20.0 0.0 0.0 0.6 1.0
174.90591 419.54645 -0.9083228 3.4198427 1.0 20.0 0.0 0.0 0.6 1.0
173.82373 338.77902 -2.5680814 4.2934713 1.0 20.0 0.0 0.0 0.6 1.0
185.45123 338.1434 -1.353836 -3.5405204 1.0 20.0 0.0 0.0 0.6 1.0
176.4413 467.62888 1.3521127 9.214342 1.0 20.0 0.0 0.0 0.6 1.0
122.87712 481.25204 -0.83777833 4.1446137 1.0 20.0 0.0 0.0 0.6 1.0
107.67554 427.11508 -7.3817487 12.8353195 1.0 20.0 0.0 0.0 0.6 1.0
237.14313 487.78763 2.7615404 23.5692 1.0 20.0 0.0 0.0 0.6 1.0
167.89441 437.82944 0.467398 5.978835 1.0 20.0 0.0 0.0 0.6 1.0
120.716286 437.41418 -3.3932447 18.884743 1.0 20.0 0.0 0.0 0.6 1.0
205.59152 449.93317 22.080421 24.181013 1.0 20.0 0.0 0.0 0.6 1.0
167.69708 354.8341 -1.6072681 3.4356518 1.0 20.0 0.0 0.0 0.6 1.0
154.20573 427.26135 3.7957816 1.319093 1.0 20.0 0.0 0.0 0.6 1.0
240.66338 395.9914 7.7238045 3.4349718 1.0 20.0 0.0 0.0 0.6 1.0
221.39052 434.18692 9.52053 4.850513 1.0 20.0 0.0 0.0 0.6 1.0
146.63165 462.0869 -2.2126694 13.3597765 1.0 20.0 0.0 0.0 0.6 1.0
192.74146 396.62305 7.8911314 13.511824 1.0 20.0 0.0 0.0 0.6 1.0
171.0086 438.05942 10.317828 9.757701 1.0 20.0 0.0 0.0 0.6 1.0
159.9558 473.2902 1.0287347 12.067567 1.0 20.0 0.0 0.0 0.6 1.0
191.69574 483.03708 1.3629671 13.902264 1.0 20.0 0.0 0.0 0.6 1.0
207.65585 403.98474 6.0419955 11.800632 1.0 20.0 0.0 0.0 0.6 1.0
251.20256 456.72116 4.312002 13.506275 1.0 20.0 0.0 0.0 0.6 1.0
150.52966 508.004 1.5567201 14.009447 1.0 20.0 0.0 0.0 0.6 1.0
198.03317 513.077 1.07494 5.6895237 1.0 20.0 0.0 0.0 0.6 1.0
229.63805 380.17136 12.014919 4.8347926 1.0 20.0 0.0 0.0 0.6 1.0
226.31181 474.25595 5.6076946 12.361865 1.0 20.0 0.0 0.0 0.6 1.0
154.75409 489.93872 -1.3816575 12.927977 1.0 20.0 0.0 0.0 0.6 1.0
123.95348 363.07114 1.0240743 -5.265954 1.0 20.0 0.0 0.0 0.6 1.0
127.666954 467.32813 -5.8327665 7.9322834 1.0 20.0 0.0 0.0 0.6 1.0
221.2358 436.9848 5.63118 2.371717 1.0 20.0 0.0 0.0 0.6 1.0
179.7558 383.59875 7.9840584 4.1638355 1.0 20.0 0.0 0.0 0.6 1.0
193.46977 414.34006 3.4559932 10.097484 1.0 20.0 0.0 0.0 0.6 1.0
164.48375 375.0953 5.6756845 6.506872 1.0 20.0 0.0 0.0 0.6 1.0
189.61324 412.8468 1.9171195 10.373471 1.0 20.0 0.0 0.0 0.6 1.0
222.43562 446.26135 5.9863124 29.92893 1.0 20.0 0.0 0.0 0.6 1.0
154.6439 425.05664 -7.360011 8.833127 1.0 20.0 0.0 0.0 0.6 1.0
251.89063 385.94788 11.431467 10.25279 1.0 20.0 0.0 0.0 0.6 1.0
237.11067 428.26672 0.94663286 7.7306595 1.0 20.0 0.0 0.0 0.6 1.0
197.17648 377.13754 9.396124 4.4985657 1.0 20.0 0.0 0.0 0.6 1.0
253.82596 418.60007 7.2656965 9.5839 1.0 20.0 0.0 0.0 0.6 1.0
192.6367 394.1161 9.638051 9.957484 1.0 20.0 0.0 0.0 0.6 1.0
164.30493 515.5097 5.473686 17.203142 1.0 20.0 0.0 0.0 0.6 1.0
136.21419 369.47986 0.19944596 -3.1704912 1.0 20.0 0.0 0.0 0.6 1.0
248.29112 380.71057 8.116066 -5.9674253 1.0 20.0 0.0 0.0 0.6 1.0
207.13866 406.55386 6.5516043 7.462839 1.0 20.0 0.0 0.0 0.6 1.0
114.70905 390.21252 -4.1192183 2.0317063 1.0 20.0 0.0 0.0 0.6 1.0
144.71964 398.56296 -1.5801687 4.5319443 1.0 20.0 0.0 0.0 0.6 1.0
205.49203 346.2139 -0.75739014 3.506629 1.0 20.0 0.0 0.0 0.6 1.0
219.72002 452.91055 12.191127 -8.098448 1.0 20.0 0.0 0.0 0.6 1.0
122.49366 418.78738 -11.828882 11.604842 1.0 20.0 0.0 0.0 0.6 1.0
125.55371 483.22217 2.1697958 6.0216637 1.0 20.0 0.0 0.0 0.6 1.0
199.66841 358.4047 7.093915 0.9359417 1.0 20.0 0.0 0.0 0.6 1.0
173.53986 421.42355 -4.3256683 4.2396 1.0 20.0 0.0 0.0 0.6 1.0
167.72359 357.543 -0.8436941 2.2006793 1.0 20.0 0.0 0.0 0.6 1.0
131.97952 384.52542 -6.1021466 5.655573 1.0 20.0 0.0 0.0 0.6 1.0
218.99803 489.83127 4.1959066 10.606853 1.0 20.0 0.0 0.0 0.6 1.0
187.86804 484.15985 0.34227788 15.772353 1.0 20.0 0.0 0.0 0.6 1.0
242.71907 374.62518 13.083727 16.746187 1.0 20.0 0.0 0.0 0.6 1.0
206.87144 427.20782 3.3445127 11.865884 1.0 20.0 0.0 0.0 0.6 1.0
137.72336 353.4228 -4.638887 7.00152 1.0 20.0 0.0 0.0 0.6 1.0
184.29381 368.8815 1.9860181 0.9250369 1.0 20.0 0.0 0.0 0.6 1.0
208.41115 419.3555 8.863112 10.206227 1.0 20.0 0.0 0.0 0.6 1.0
189.47624 433.4324 7.9416842 16.62177 1.0 20.0 0.0 0.0 0.6 1.0
153.4961 346.1899 -7.234159 10.289917 1.0 20.0 0.0 0.0 0.6 1.0
157.93558 410.66794 6.201467 -1.2046337 1.0 20.0 0.0 0.0 0.6 1.0
207.3349 479.67935 2.7810066 12.423782 1.0 20.0 0.0 0.0 0.6 1.0
213.30135 369.02808 9.431218 5.5124617 1.0 20.0 0.0 0.0 0.6 1.0
139.82469 480.9388 -5.2219305 15.717952 1.0 20.0 0.0 0.0 0.6 1.0
121.125206 474.98834 -14.532358 18.008417 1.0 20.0 0.0 0.0 0.6 1.0
233.90956 459.71295 3.7820504 15.004832 1.0 20.0 0.0 0.0 0.6 1.0
178.14687 386.21725 10.053836 4.495101 1.0 20.0 0.0 0.0 0.6 1.0
253.26265 437.42084 1.4949863 7.934779 1.0 20.0 0.0 0.0 0.6 1.0
182.8408 513.4615 -4.1636333 16.426794 1.0 20.0 0.0 0.0 0.6 1.0
157.21117 425.38193 -5.160528 10.073411 1.0 20.0 0.0 0.0 0.6 1.0
239.10062 392.32245 10.397765 6.892171 1.0 20.0 0.0 0.0 0.6 1.0
219.30713 431.7464 0.6438949 11.361231 1.0 20.0 0.0 0.0 0.6 1.0
151.94943 491.45407 -7.012978 13.260053 1.0 20.0 0.0 0.0 0.6 1.0
134.84286 493.12256 2.3675451 11.294377 1.0 20.0 0.0 0.0 0.6 1.0
251.54797 453.21237 -0.2300086 20.992111 1.0 20.0 0.0 0.0 0.6 1.0
251.40434 444.6566 12.287044 3.4920473 1.0 20.0 0.0 0.0 0.6 1.0
154.71039 493.43307 -0.9016658 16.316128 1.0 20.0 0.0 0.0 0.6 1.0
162.38327 390.75488 1.7170756 5.6810026 1.0 20.0 0.0 0.0 0.6 1.0
199.94353 361.6921 5.9272814 3.633111 1.0 20.0 0.0 0.0 0.6 1.0
179.19827 515.9816 1.3233978 7.7621336 1.0 20.0 0.0 0.0 0.6 1.0
171.84358 419.8464 0.7678641 13.159458 1.0 20.0 0.0 0.0 0.6 1.0
222.55956 417.17947 1.5713334 5.3827457 1.0 20.0 0.0 0.0 0.6 1.0
239.42815 410.2425 3.1092896 1.8500183 1.0 20.0 0.0 0.0 0.6 1.0
108.90435 460.5153 -17.169455 30.970543 1.0 20.0 0.0 0.0 0.6 1.0
236.72995 446.76157 9.685937 5.567608 1.0 20.0 0.0 0.0 0.6 1.0
108.09968 423.4655 -6.623267 16.465025 1.0 20.0 0.0 0.0 0.6 1.0
204.1215 508.66895 3.5801284 20.822414 1.0 20.0 0.0 0.0 0.6 1.0
161.768 393.50912 3.9872499 1.8723499 1.0 20.0 0.0 0.0 0.6 1.0
132.67409 387.8174 -4.6135006 0.8932904 1.0 20.0 0.0 0.0 0.6 1.0
171.59909 487.03348 -2.6403346 18.312551 1.0 20.0 0.0 0.0 0.6 1.0
126.18507 402.34982 -7.0250616 2.4561846 1.0 20.0 0.0 0.0 0.6 1.0
255.77469 406.72787 4.710479 4.242465 1.0 20.0 0.0 0.0 0.6 1.0
145.56482 353.04828 2.4098988 -3.1362333 1.0 20.0 0.0 0.0 0.6 1.0
240.82494 427.35986 9.390801 3.8328965 1.0 20.0 0.0 0.0 0.6 1.0
192.0313 513.7652 5.9081864 9.551165 1.0 20.0 0.0 0.0 0.6 1.0
152.91142 360.98242 -3.258573 3.7306218 1.0 20.0 0.0 0.0 0.6 1.0
246.83734 465.20663 15.732265 12.986439 1.0 20.0 0.0 0.0 0.6 1.0
250.22725 458.76395 1.2894459 9.412969 1.0 20.0 0.0 0.0 0.6 1.0
138.50925 369.38565 -4.666152 -1.3512505 1.0 20.0 0.0 0.0 0.6 1.0
185.67735 352.56003 -4.72226 -0.7381977 1.0 20.0 0.0 0.0 0.6 1.0
138.01321 497.33307 0.9876447 5.097942 1.0 20.0 0.0 0.0 0.6 1.0
253.823 421.2469 -0.3624277 1.7497807 1.0 20.0 0.0 0.0 0.6 1.0
224.31406 415.46588 2.362711 7.749662 1.0 20.0 0.0 0.0 0.6 1.0
124.459816 420.1262 -5.8441367 9.746317 1.0 20.0 0.0 0.0 0.6 1.0
137.10092 495.6095 -1.8081776 7.4375415 1.0 20.0 0.0 0.0 0.6 1.0
205.71706 424.44626 -0.21249068 1.8275234 1.0 20.0 0.0 0.0 0.6 1.0
119.30605 375.07782 -2.5517998 -4.880727 1.0 20.0 0.0 0.0 0.6 1.0
185.83347 501.25946 1.8900979 15.625291 1.0 20.0 0.0 0.0 0.6 1.0
142.33307 479.76584 -2.0422602 12.705029 1.0 20.0 0.0 0.0 0.6 1.0
199.74219 496.4847 6.3762355 12.705029 1.0 20.0 0.0 0.0 0.6 1.0
129.38419 386.10977 -5.8121963 2.402492 1.0 20.0 0.0 0.0 0.6 1.0
136.55222 449.14392 -11.941768 12.824363 1.0 20.0 0.0 0.0 0.6 1.0
118.212776 380.57825 1.3242846 4.801717 1.0 20.0 0.0 0.0 0.6 1.0
148.66542 382.2608 -2.148794 7.7186036 1.0 20.0 0.0 0.0 0.6 1.0
246.29506 471.2068 1.0188804 16.629011 1.0 20.0 0.0 0.0 0.6 1.0
195.69998 396.40326 5.889994e-2 6.302668 1.0 20.0 0.0 0.0 0.6 1.0
178.55243 402.27405 -3.5947487 4.367881 1.0 20.0 0.0 0.0 0.6 1.0
241.2693 393.24664 8.899581 7.7926145 1.0 20.0 0.0 0.0 0.6 1.0
238.57489 443.62918 2.263505 12.25692 1.0 20.0 0.0 0.0 0.6 1.0
125.43781 417.88074 -7.59367 16.720303 1.0 20.0 0.0 0.0 0.6 1.0
170.44627 484.87054 -4.5770645 14.570612 1.0 20.0 0.0 0.0 0.6 1.0
203.81786 496.98923 3.4777617 10.336597 1.0 20.0 0.0 0.0 0.6 1.0
240.35992 445.70422 9.776803 17.216219 1.0 20.0 0.0 0.0 0.6 1.0
213.3063 371.925 6.626167 6.8773084 1.0 20.0 0.0 0.0 0.6 1.0
190.76323 415.40533 0.23931924 14.769112 1.0 20.0 0.0 0.0 0.6 1.0
184.07513 449.34274 0.27765083 8.661574 1.0 20.0 0.0 0.0 0.6 1.0
107.21772 458.63162 -6.6765842 13.716879 1.0 20.0 0.0 0.0 0.6 1.0
109.44277 432.6399 -11.782647 -2.0626588 1.0 20.0 0.0 0.0 0.6 1.0
138.02414 429.27817 -9.943874 14.8312235 1.0 20.0 0.0 0.0 0.6 1.0
168.59982 501.88947 -6.596202 16.295921 1.0 20.0 0.0 0.0 0.6 1.0
176.64056 337.90317 8.039167 -0.7725904 1.0 20.0 0.0 0.0 0.6 1.0
196.81932 466.38153 1.5955807 17.88459 1.0 20.0 0.0 0.0 0.6 1.0
114.66297 393.08466 0.50625443 0.9715001 1.0 20.0 0.0 0.0 0.6 1.0
151.93225 380.60913 -10.254435 8.626017 1.0 20.0 0.0 0.0 0.6 1.0
222.05536 360.65002 6.7579536 0.6969428 1.0 20.0 0.0 0.0 0.6 1.0
147.73138 506.72858 -1.8323964 14.678105 1.0 20.0 0.0 0.0 0.6 1.0
166.56664 504.13803 -5.854993 16.45067 1.0 20.0 0.0 0.0 0.6 1.0
109.203705 419.05853 -4.704982 18.856905 1.0 20.0 0.0 0.0 0.6 1.0
194.62529 377.65427 9.202154 9.748863 1.0 20.0 0.0 0.0 0.6 1.0
216.5622 462.10895 5.279749 19.4101 1.0 20.0 0.0 0.0 0.6 1.0
182.89279 366.91956 4.987909 2.1465862 1.0 20.0 0.0 0.0 0.6 1.0
128.93088 486.1022 -12.4300585 9.511659 1.0 20.0 0.0 0.0 0.6 1.0
165.69048 457.4867 7.0864735 10.869458 1.0 20.0 0.0 0.0 0.6 1.0
201.28935 498.13953 4.5576587 12.74217 1.0 20.0 0.0 0.0 0.6 1.0
130.76682 466.95645 -5.379025 7.0246143 1.0 20.0 0.0 0.0 0.6 1.0
150.60179 362.82047 -2.5650983 8.603419 1.0 20.0 0.0 0.0 0.6 1.0
187.15019 447.8412 27.030468 -3.251682 1.0 20.0 0.0 0.0 0.6 1.0
105.7499 436.4905 -4.657699 16.434853 1.0 20.0 0.0 0.0 0.6 1.0
224.59059 402.39307 7.056482 11.434044 1.0 20.0 0.0 0.0 0.6 1.0
117.560326 386.79483 -12.696348 9.5012455 1.0 20.0 0.0 0.0 0.6 1.0
174.42787 485.373 1.7784057 14.579977 1.0 20.0 0.0 0.0 0.6 1.0
213.33676 462.81183 -1.1578915 17.916153 1.0 20.0 0.0 0.0 0.6 1.0
251.80693 430.93292 0.47886562 16.53365 1.0 20.0 0.0 0.0 0.6 1.0
153.97821 363.28876 -4.6492014 4.1691093 1.0 20.0 0.0 0.0 0.6 1.0
227.99188 382.84836 9.432903 8.4554405 1.0 20.0 0.0 0.0 0.6 1.0
141.03061 478.0194 -2.0613308 11.624581 1.0 20.0 0.0 0.0 0.6 1.0
181.20134 385.16086 0.21976566 4.3073287 1.0 20.0 0.0 0.0 0.6 1.0
145.2253 500.60168 -2.3156803 21.70757 1.0 20.0 0.0 0.0 0.6 1.0
165.32826 501.76102 -1.7262028 17.031525 1.0 20.0 0.0 0.0 0.6 1.0
184.73787 350.04684 -3.5260632 -1.5462911 1.0 20.0 0.0 0.0 0.6 1.0
228.28476 362.83783 4.3694334 16.121056 1.0 20.0 0.0 0.0 0.6 1.0
206.58609 437.20123 17.367384 1.9549963 1.0 20.0 0.0 0.0 0.6 1.0
204.87025 479.50626 -2.7771447 12.912233 1.0 20.0 0.0 0.0 0.6 1.0
253.83957 408.19986 7.7212486 11.862196 1.0 20.0 0.0 0.0 0.6 1.0
208.18404 476.96097 2.8760152 12.893475 1.0 20.0 0.0 0.0 0.6 1.0
150.24252 444.47495 -2.0891294 9.774432 1.0 20.0 0.0 0.0 0.6 1.0
134.74918 354.12686 -16.959448 13.3701105 1.0 20.0 0.0 0.0 0.6 1.0
204.34315 444.01587 11.49299 -7.5918436e-4 1.0 20.0 0.0 0.0 0.6 1.0
115.41414 401.20386 -13.602872 4.823977 1.0 20.0 0.0 0.0 0.6 1.0
213.44846 466.33414 7.016247 11.638377 1.0 20.0 0.0 0.0 0.6 1.0
175.68996 404.6459 2.5571058 1.7531779 1.0 20.0 0.0 0.0 0.6 1.0
226.07098 380.71173 7.6985683 5.6615305 1.0 20.0 0.0 0.0 0.6 1.0
162.4804 455.84238 -0.73357964 14.06465 1.0 20.0 0.0 0.0 0.6 1.0
225.39487 477.93716 1.1435671 18.107077 1.0 20.0 0.0 0.0 0.6 1.0
178.79694 470.1934 3.3534322 15.838259 1.0 20.0 0.0 0.0 0.6 1.0
190.26288 470.17905 -2.615351 23.392632 1.0 20.0 0.0 0.0 0.6 1.0
212.20525 352.0182 11.820779 4.780238 1.0 20.0 0.0 0.0 0.6 1.0
171.64368 515.7291 -3.7857032 14.171588 1.0 20.0 0.0 0.0 0.6 1.0
139.84512 430.34583 -8.538083 15.838984 1.0 20.0 0.0 0.0 0.6 1.0
135.08694 445.40067 -9.492086 8.898483 1.0 20.0 0.0 0.0 0.6 1.0
121.14093 452.38354 -11.193896 7.5939984 1.0 20.0 0.0 0.0 0.6 1.0
188.3868 337.12622 -3.6009133 1.1505961e-2 1.0 20.0 0.0 0.0 0.6 1.0
140.75658 414.87875 -7.380558 6.518008 1.0 20.0 0.0 0.0 0.6 1.0
233.13373 462.981 8.510065e-2 16.135126 1.0 20.0 0.0 0.0 0.6 1.0
119.689224 434.55927 -7.982478 13.236037 1.0 20.0 0.0 0.0 0.6 1.0
117.371796 451.91455 -7.714943 4.1082335 1.0 20.0 0.0 0.0 0.6 1.0
105.687294 449.30563 -6.666663 8.333137 1.0 20.0 0.0 0.0 0.6 1.0
234.19475 490.759 4.506573 10.618385 1.0 20.0 0.0 0.0 0.6 1.0
253.46735 391.3633 4.075351 7.196282 1.0 20.0 0.0 0.0 0.6 1.0
239.02075 430.6129 4.2935734 4.9482055 1.0 20.0 0.0 0.0 0.6 1.0
134.99377 371.39685 -2.3824344 1.9677696 1.0 20.0 0.0 0.0 0.6 1.0
116.413536 473.0724 -5.231076 12.694222 1.0 20.0 0.0 0.0 0.6 1.0
238.16628 483.11166 12.411923 13.34627 1.0 20.0 0.0 0.0 0.6 1.0
164.02956 456.66934 -0.59398854 8.561067 1.0 20.0 0.0 0.0 0.6 1.0
178.12401 453.5391 -22.014315 21.965303 1.0 20.0 0.0 0.0 0.6 1.0
123.42006 367.30746 -15.03789 14.62242 1.0 20.0 0.0 0.0 0.6 1.0
184.57608 453.6905 2.1905332 23.887884 1.0 20.0 0.0 0.0 0.6 1.0
145.27733 460.39417 1.3595631 11.583443 1.0 20.0 0.0 0.0 0.6 1.0
211.64775 390.02576 7.42671 7.6071053 1.0 20.0 0.0 0.0 0.6 1.0
129.01633 359.2574 -4.7932987 0.77347195 1.0 20.0 0.0 0.0 0.6 1.0
254.34398 400.61404 -0.2241826 -4.0764823 1.0 20.0 0.0 0.0 0.6 1.0
242.74052 411.28522 9.955938 6.678456 1.0 20.0 0.0 0.0 0.6 1.0
228.19345 499.2177 9.389662 13.907827 1.0 20.0 0.0 0.0 0.6 1.0
211.12407 387.46417 10.112439 7.1396875 1.0 20.0 0.0 0.0 0.6 1.0
236.2996 462.25745 6.826744 13.087225 1.0 20.0 0.0 0.0 0.6 1.0
140.73523 351.84167 -7.047805 4.749905 1.0 20.0 0.0 0.0 0.6 1.0
143.60832 412.19772 -11.526058 16.256702 1.0 20.0 0.0 0.0 0.6 1.0
208.71457 388.5472 6.512943 10.639892 1.0 20.0 0.0 0.0 0.6 1.0
119.143456 453.83527 -7.5766406 8.722307 1.0 20.0 0.0 0.0 0.6 1.0
209.87624 407.65887 8.32158 5.7981124 1.0 20.0 0.0 0.0 0.6 1.0
159.44087 513.74713 -8.325484 18.850792 1.0 20.0 0.0 0.0 0.6 1.0
159.8897 475.69418 8.4093094e-2 17.273705 1.0 20.0 0.0 0.0 0.6 1.0
202.07016 359.614 5.504822 0.85763 1.0 20.0 0.0 0.0 0.6 1.0
223.66423 419.52682 6.6470222 4.1446815 1.0 20.0 0.0 0.0 0.6 1.0
142.84375 414.80212 -8.877879 9.769599 1.0 20.0 0.0 0.0 0.6 1.0
111.33941 408.24466 -2.3670301 8.03002 1.0 20.0 0.0 0.0 0.6 1.0
216.43929 353.24234 -3.656431 5.396163 1.0 20.0 0.0 0.0 0.6 1.0
197.78127 430.70386 14.677065 8.434378 1.0 20.0 0.0 0.0 0.6 1.0
110.82735 465.6975 -3.7749856 1.2752944 1.0 20.0 0.0 0.0 0.6 1.0
147.51373 396.86893 -8.174122 11.254798 1.0 20.0 0.0 0.0 0.6 1.0
243.6339 474.74524 1.8049301 15.327859 1.0 20.0 0.0 0.0 0.6 1.0
195.20255 512.743 -3.4970865 5.51048 1.0 20.0 0.0 0.0 0.6 1.0
145.36436 396.6166 -7.1834035 6.484499 1.0 20.0 0.0 0.0 0.6 1.0
128.93375 464.6497 -4.4814734 8.277966 1.0 20.0 0.0 0.0 0.6 1.0
232.8858 366.6075 8.957485 -0.50076056 1.0 20.0 0.0 0.0 0.6 1.0
228.18562 477.17703 9.2509985 16.501049 1.0 20.0 0.0 0.0 0.6 1.0
170.59142 340.01056 -0.2997112 0.5656581 1.0 20.0 0.0 0.0 0.6 1.0
180.74411 368.50803 5.826562 3.3790119 1.0 20.0 0.0 0.0 0.6 1.0
231.30344 365.30566 1.1223679 12.468464 1.0 20.0 0.0 0.0 0.6 1.0
202.42725 447.30133 0.35736012 11.550663 1.0 20.0 0.0 0.0 0.6 1.0
218.46509 354.96277 -1.4740214 4.3566723 1.0 20.0 0.0 0.0 0.6 1.0
147.8504 461.89325 -2.3236136 8.663027 1.0 20.0 0.0 0.0 0.6 1.0
149.50218 379.895 -4.110298 6.867003 1.0 20.0 0.0 0.0 0.6 1.0
222.16817 399.66507 5.5403 4.3860874 1.0 20.0 0.0 0.0 0.6 1.0
214.28595 507.86182 -0.8350582 7.789983 1.0 20.0 0.0 0.0 0.6 1.0
217.70132 506.63678 8.336126 7.255728 1.0 20.0 0.0 0.0 0.6 1.0
150.87877 442.17575 -9.8353386e-2 7.111266 1.0 20.0 0.0 0.0 0.6 1.0
240.19026 413.34473 7.7126665 7.1123962 1.0 20.0 0.0 0.0 0.6 1.0
111.53941 404.4045 -5.263876 22.074165 1.0 20.0 0.0 0.0 0.6 1.0
158.53503 344.53635 3.8898783 9.468916 1.0 20.0 0.0 0.0 0.6 1.0
232.43166 494.49356 1.9388032 8.366434 1.0 20.0 0.0 0.0 0.6 1.0
122.66301 434.88434 -5.7746973 18.017727 1.0 20.0 0.0 0.0 0.6 1.0
160.941 408.27957 -9.739401 8.559818 1.0 20.0 0.0 0.0 0.6 1.0
112.04846 412.574 -4.9090285 -1.3414304 1.0 20.0 0.0 0.0 0.6 1.0
220.87431 449.83347 3.5711012 11.204816 1.0 20.0 0.0 0.0 0.6 1.0
183.02502 502.24338 4.2763186 13.013006 1.0 20.0 0.0 0.0 0.6 1.0
202.83347 343.87146 -6.309656 -2.3502471 1.0 20.0 0.0 0.0 0.6 1.0
121.19551 372.18732 -8.557799 8.189669 1.0 20.0 0.0 0.0 0.6 1.0
168.0898 344.80136 -5.60493 -4.4947863 1.0 20.0 0.0 0.0 0.6 1.0
175.90805 470.13293 -4.3194017 20.851233 1.0 20.0 0.0 0.0 0.6 1.0
105.35689 442.73773 0.22676075 17.41451 1.0 20.0 0.0 0.0 0.6 1.0
157.471 473.21286 -0.21377844 14.217708 1.0 20.0 0.0 0.0 0.6 1.0
104.22674 444.1437 -17.340147 8.555215 1.0 20.0 0.0 0.0 0.6 1.0
184.57321 499.02103 -0.78619254 12.409401 1.0 20.0 0.0 0.0 0.6 1.0
189.2339 481.84244 0.5112885 11.071072 1.0 20.0 0.0 0.0 0.6 1.0
222.41263 503.61118 4.6560807 20.98316 1.0 20.0 0.0 0.0 0.6 1.0
158.9351 407.85626 -4.0387087 8.6336975 1.0 20.0 0.0 0.0 0.6 1.0