0.5 0.5 0.5 1.0
5 20 10 50 0 10 19 

376.61176 581.0904 -3.807689 -6.6281624 1.0 20.0 0.0 0.0 0.6 1.0
119.00396 694.33746 4.6139245 7.9862456 1.0 20.0 0.0 0.0 0.6 1.0
97.93824 689.43823 3.8927557 7.2306476 1.0 20.0 0.0 0.0 0.6 1.0
107.18649 699.8681 3.5703802 7.4276915 1.0 20.0 0.0 0.0 0.6 1.0
334.4116 592.3914 3.7474904 -8.401909 1.0 20.0 0.0 0.0 0.6 1.0
327.0348 491.36536 1.279336 -1.3912846 1.0 20.0 0.0 0.0 0.6 1.0
335.27618 590.3765 3.2582617 -7.6871777 1.0 20.0 0.0 0.0 0.6 1.0
69.16751 633.2335 4.526482 8.269491 1.0 20.0 0.0 0.0 0.6 1.0
356.4024 608.93695 0.3313068 -6.250774 1.0 20.0 0.0 0.0 0.6 1.0
293.39484 543.0645 1.3344744 -8.570844 1.0 20.0 0.0 0.0 0.6 1.0
309.97852 601.8531 1.2252254 -6.866828 1.0 20.0 0.0 0.0 0.6 1.0
323.4078 596.1329 2.4278939 -7.695016 1.0 20.0 0.0 0.0 0.6 1.0
18.732155 454.10474 -6.9847984 15.945668 1.0 20.0 0.0 0.0 0.6 1.0
18.732155 454.10474 -6.9847984 15.945668 1.0 20.0 0.0 0.0 0.6 1.0
372.91345 579.48413 -3.3399096 -9.029764 1.0 20.0 0.0 0.0 0.6 1.0
288.2137 583.99866 1.496342 -2.956625 1.0 20.0 0.0 0.0 0.6 1.0
310.33188 524.5153 -0.44773138 -7.000572 1.0 20.0 0.0 0.0 0.6 1.0
256.63318 544.1636 -2.4735575 -5.084529 1.0 20.0 0.0 0.0 0.6 1.0
261.2547 531.77655 2.8233364 -6.239902 1.0 20.0 0.0 0.0 0.6 1.0
299.71524 513.71936 0.29336917 -5.9327817 1.0 20.0 0.0 0.0 0.6 1.0
95.35405 399.27075 -23.321678 1.2422533 1.0 20.0 0.0 0.0 0.6 1.0
284.46625 595.79 -1.1343776 -5.027379 1.0 20.0 0.0 0.0 0.6 1.0
332.8273 604.4184 2.6054251 -7.1021566 1.0 20.0 0.0 0.0 0.6 1.0
90.89887 664.7787 3.6067975 7.196785 1.0 20.0 0.0 0.0 0.6 1.0
308.0453 601.4808 0.38644266 -7.120145 1.0 20.0 0.0 0.0 0.6 1.0
339.73782 628.01416 2.730268 -3.3600113 1.0 20.0 0.0 0.0 0.6 1.0
339.73782 628.01416 2.730268 -3.3600113 1.0 20.0 0.0 0.0 0.6 1.0
321.09833 595.1932 3.1175725 -7.413346 1.0 20.0 0.0 0.0 0.6 1.0
371.6194 594.22266 -2.4613252 -7.1297207 1.0 20.0 0.0 0.0 0.6 1.0
358.01932 545.88086 2.4860923 -1.6585879 1.0 20.0 0.0 0.0 0.6 1.0
62.11808 645.4365 5.379946 7.0974092 1.0 20.0 0.0 0.0 0.6 1.0
325.23538 630.04706 0.49109986 -5.0532055 1.0 20.0 0.0 0.0 0.6 1.0
118.8267 658.8562 3.3904285 7.6807075 1.0 20.0 0.0 0.0 0.6 1.0
322.51352 518.31573 -1.5425682 -8.987118 1.0 20.0 0.0 0.0 0.6 1.0
346.5222 536.3065 1.1506962 -2.3139858 1.0 20.0 0.0 0.0 0.6 1.0
100.7333 674.39465 3.815427 7.439096 1.0 20.0 0.0 0.0 0.6 1.0
314.30515 633.78046 7.811527e-2 -4.439492 1.0 20.0 0.0 0.0 0.6 1.0
354.95663 558.9344 1.8322997 -0.6735201 1.0 20.0 0.0 0.0 0.6 1.0
287.89917 581.5812 1.3931222 -3.4651413 1.0 20.0 0.0 0.0 0.6 1.0
321.37262 530.4985 -1.3556693 -7.3765297 1.0 20.0 0.0 0.0 0.6 1.0
290.72382 556.68225 3.4466171 -6.2033896 1.0 20.0 0.0 0.0 0.6 1.0
291.9026 498.66183 -5.8743124 -5.360677 1.0 20.0 0.0 0.0 0.6 1.0
367.02576 552.9218 0.7172867 -3.3691137 1.0 20.0 0.0 0.0 0.6 1.0
73.72298 697.26733 5.5025067 7.801684 1.0 20.0 0.0 0.0 0.6 1.0
308.37112 538.41266 0.3061669 -7.6580434 1.0 20.0 0.0 0.0 0.6 1.0
269.63287 540.0757 0.4284002 -8.27135 1.0 20.0 0.0 0.0 0.6 1.0
336.17957 496.93948 2.3013184 -6.186577 1.0 20.0 0.0 0.0 0.6 1.0
58.82654 665.9838 6.118518 6.150714 1.0 20.0 0.0 0.0 0.6 1.0
299.74814 576.18195 2.6555083 -5.1609273 1.0 20.0 0.0 0.0 0.6 1.0
354.51932 609.86755 0.8485207 -6.2609425 1.0 20.0 0.0 0.0 0.6 1.0
339.30276 563.92426 2.889102 -1.1111712 1.0 20.0 0.0 0.0 0.6 1.0
337.95007 511.69614 -3.1428304 -6.8669753 1.0 20.0 0.0 0.0 0.6 1.0
333.14276 541.57245 0.27366537 -2.8665109 1.0 20.0 0.0 0.0 0.6 1.0
80.22912 627.0673 4.728434 8.755982 1.0 20.0 0.0 0.0 0.6 1.0
258.52875 530.9412 2.2196484 -6.5073433 1.0 20.0 0.0 0.0 0.6 1.0
109.12122 698.3209 3.4182174 7.9384537 1.0 20.0 0.0 0.0 0.6 1.0
267.65753 565.8668 -2.1448855 -3.2986326 1.0 20.0 0.0 0.0 0.6 1.0
270.15512 602.67096 -1.3465312 -4.611355 1.0 20.0 0.0 0.0 0.6 1.0
299.36102 637.6942 -2.4678326 -3.127299 1.0 20.0 0.0 0.0 0.6 1.0
110.25676 645.4915 4.1663065 7.008574 1.0 20.0 0.0 0.0 0.6 1.0
303.67764 627.1263 -0.55864793 -2.5432463 1.0 20.0 0.0 0.0 0.6 1.0
264.6525 580.1859 -1.2603691 -3.6762655 1.0 20.0 0.0 0.0 0.6 1.0
328.99985 620.2036 3.2107153 -5.102035 1.0 20.0 0.0 0.0 0.6 1.0
287.57852 508.7695 2.0616083 -8.094078 1.0 20.0 0.0 0.0 0.6 1.0
92.79885 665.66473 3.945688 7.049048 1.0 20.0 0.0 0.0 0.6 1.0
307.51898 616.27905 0.16024137 -4.9712744 1.0 20.0 0.0 0.0 0.6 1.0
76.03339 682.46027 4.3586907 7.494807 1.0 20.0 0.0 0.0 0.6 1.0
363.125 519.75214 4.6991897 -8.965884 1.0 20.0 0.0 0.0 0.6 1.0
102.56926 676.18494 3.3112233 7.063745 1.0 20.0 0.0 0.0 0.6 1.0
306.36307 628.1546 -1.4096601 -2.738637 1.0 20.0 0.0 0.0 0.6 1.0
342.8982 310.06052 -5.9187903 1.452557 1.0 20.0 0.0 0.0 0.6 1.0
84.03962 653.3699 4.5023365 7.099314 1.0 20.0 0.0 0.0 0.6 1.0
277.80023 573.02905 0.2821017 -1.8425523 1.0 20.0 0.0 0.0 0.6 1.0
341.36893 562.9302 2.7907195 -1.4807292 1.0 20.0 0.0 0.0 0.6 1.0
96.480034 688.08057 4.0012364 7.319739 1.0 20.0 0.0 0.0 0.6 1.0
303.90833 640.38226 0.11153054 -1.182607 1.0 20.0 0.0 0.0 0.6 1.0
286.26877 583.4074 1.1143712 -3.0231106 1.0 20.0 0.0 0.0 0.6 1.0
297.03433 530.0476 0.9508805 -6.864606 1.0 20.0 0.0 0.0 0.6 1.0
305.1572 552.8663 2.1816092 -5.750359 1.0 20.0 0.0 0.0 0.6 1.0
282.9798 609.85583 -1.1748012 -5.71459 1.0 20.0 0.0 0.0 0.6 1.0
377.08087 558.79047 -2.336389 -2.8630877 1.0 20.0 0.0 0.0 0.6 1.0
82.81333 706.83093 3.9165583 7.312641 1.0 20.0 0.0 0.0 0.6 1.0
130.0541 673.4998 3.8690379 9.284594 1.0 20.0 0.0 0.0 0.6 1.0
327.92685 569.8189 3.1439235 -2.91375 1.0 20.0 0.0 0.0 0.6 1.0
359.84958 517.8191 6.714548 -8.650751 1.0 20.0 0.0 0.0 0.6 1.0
61.9689 638.57196 5.6617994 8.614442 1.0 20.0 0.0 0.0 0.6 1.0
344.97647 615.4758 1.3048396 -6.7722054 1.0 20.0 0.0 0.0 0.6 1.0
106.56762 712.451 4.0151157 7.891033 1.0 20.0 0.0 0.0 0.6 1.0
368.29193 603.82874 -0.5840856 -5.3191295 1.0 20.0 0.0 0.0 0.6 1.0
103.734604 637.44275 3.5575192 8.163709 1.0 20.0 0.0 0.0 0.6 1.0
308.9166 522.8421 -0.14339766 -7.252375 1.0 20.0 0.0 0.0 0.6 1.0
297.1622 591.3952 -4.0112503e-2 -6.0711536 1.0 20.0 0.0 0.0 0.6 1.0
322.33362 496.7733 2.6623087 -5.0137734 1.0 20.0 0.0 0.0 0.6 1.0
292.5111 632.2819 -1.7288303 -1.8137231 1.0 20.0 0.0 0.0 0.6 1.0
357.98068 533.1214 5.331135 -5.9491076 1.0 20.0 0.0 0.0 0.6 1.0
133.93698 68.40322 -9.804145 5.443979 1.0 20.0 0.0 0.0 0.6 1.0
110.59621 648.3965 3.1136475 8.753596 1.0 20.0 0.0 0.0 0.6 1.0
355.5292 546.40515 3.7055151 -0.755659 1.0 20.0 0.0 0.0 0.6 1.0
281.6694 623.1414 -1.177294 -3.8618226 1.0 20.0 0.0 0.0 0.6 1.0
299.95206 515.95807 1.115948 -2.945935 1.0 20.0 0.0 0.0 0.6 1.0
67.45878 672.47565 4.905789 7.9419713 1.0 20.0 0.0 0.0 0.6 1.0
301.973 579.3864 3.3535957 -3.8595154 1.0 20.0 0.0 0.0 0.6 1.0
369.17795 542.7562 3.258356 -2.3025599 1.0 20.0 0.0 0.0 0.6 1.0
271.3161 616.2009 0.2992298 -5.667208 1.0 20.0 0.0 0.0 0.6 1.0
294.2576 620.33734 -0.79549444 -4.827485 1.0 20.0 0.0 0.0 0.6 1.0
283.02377 611.9974 -0.9719316 -4.741564 1.0 20.0 0.0 0.0 0.6 1.0
254.83087 557.1637 -3.7805333 -3.8651145 1.0 20.0 0.0 0.0 0.6 1.0
344.71436 536.5964 2.352073 -1.9992241 1.0 20.0 0.0 0.0 0.6 1.0
317.46198 560.54504 3.8622596 -3.2523704 1.0 20.0 0.0 0.0 0.6 1.0
324.10754 503.7931 2.4439156e-2 -9.652889 1.0 20.0 0.0 0.0 0.6 1.0
363.37958 617.59125 0.54039085 -5.526629 1.0 20.0 0.0 0.0 0.6 1.0
347.6319 587.5604 2.5539775 -7.4617176 1.0 20.0 0.0 0.0 0.6 1.0
273.7378 525.8078 3.6658592 -4.781729 1.0 20.0 0.0 0.0 0.6 1.0
259.3473 544.7368 -2.6678245 -5.1072655 1.0 20.0 0.0 0.0 0.6 1.0
351.034 571.9817 2.2218146 -3.9030726 1.0 20.0 0.0 0.0 0.6 1.0
111.95878 684.52936 3.9538622 7.551262 1.0 20.0 0.0 0.0 0.6 1.0
325.09048 581.32715 3.2621708 -6.1037316 1.0 20.0 0.0 0.0 0.6 1.0
336.5713 592.05597 2.8987985 -8.1245575 1.0 20.0 0.0 0.0 0.6 1.0
65.85083 659.4268 3.6937025 8.266894 1.0 20.0 0.0 0.0 0.6 1.0
368.07413 556.9082 1.6108711 -2.3006194 1.0 20.0 0.0 0.0 0.6 1.0
279.79852 561.69507 0.9743795 -4.7076535 1.0 20.0 0.0 0.0 0.6 1.0
288.02487 507.07504 4.818399 -8.136126 1.0 20.0 0.0 0.0 0.6 1.0
94.11457 700.306 3.8254743 8.0555105 1.0 20.0 0.0 0.0 0.6 1.0
357.99673 595.7975 0.25856006 -6.593313 1.0 20.0 0.0 0.0 0.6 1.0
85.72154 641.59674 3.8970253 8.856018 1.0 20.0 0.0 0.0 0.6 1.0
59.083557 652.65405 5.757166 7.7683606 1.0 20.0 0.0 0.0 0.6 1.0
364.66937 569.7299 7.2839037e-3 -4.276993 1.0 20.0 0.0 0.0 0.6 1.0
318.2112 547.0577 0.53841025 -4.590142 1.0 20.0 0.0 0.0 0.6 1.0
72.963326 647.7662 5.1117725 8.197463 1.0 20.0 0.0 0.0 0.6 1.0
354.8758 509.99963 4.2584486 -7.4140816 1.0 20.0 0.0 0.0 0.6 1.0
322.25537 532.5984 -1.4770099 -7.237425 1.0 20.0 0.0 0.0 0.6 1.0
89.99202 630.33167 3.9362588 8.542828 1.0 20.0 0.0 0.0 0.6 1.0
312.99997 497.6069 3.5527086 -4.01281 1.0 20.0 0.0 0.0 0.6 1.0
297.4168 515.2598 -0.19918907 -4.5227757 1.0 20.0 0.0 0.0 0.6 1.0
350.69153 574.2226 2.1809943 -3.979468 1.0 20.0 0.0 0.0 0.6 1.0
88.89313 679.343 4.035865 6.9087915 1.0 20.0 0.0 0.0 0.6 1.0
125.805565 684.6442 3.8576005 7.966438 1.0 20.0 0.0 0.0 0.6 1.0
271.7593 526.85583 0.6051482 -5.55876 1.0 20.0 0.0 0.0 0.6 1.0
277.1616 575.612 3.720501e-2 -2.0870295 1.0 20.0 0.0 0.0 0.6 1.0
87.59377 319.67316 -33.443466 2.9135313 1.0 20.0 0.0 0.0 0.6 1.0
284.9039 521.1948 2.498591 -5.9565797 1.0 20.0 0.0 0.0 0.6 1.0
357.36612 531.58905 6.538472 -3.376955 1.0 20.0 0.0 0.0 0.6 1.0
304.5583 550.6007 2.2545428 -6.4637036 1.0 20.0 0.0 0.0 0.6 1.0
262.913 592.3544 0.9565486 -4.3719854 1.0 20.0 0.0 0.0 0.6 1.0
16.792646 286.11057 7.4108667 -9.047413e-2 1.0 20.0 0.0 0.0 0.6 1.0
262.60962 519.76794 2.9408402 -4.943756 1.0 20.0 0.0 0.0 0.6 1.0
352.6755 558.75757 1.7761335 -0.9923809 1.0 20.0 0.0 0.0 0.6 1.0
376.4395 563.6934 -4.14751 -7.2114034 1.0 20.0 0.0 0.0 0.6 1.0
334.2947 527.9742 -2.5583203 -6.7110047 1.0 20.0 0.0 0.0 0.6 1.0
348.35266 522.5407 0.9412574 -6.7399774 1.0 20.0 0.0 0.0 0.6 1.0
333.87338 606.2744 2.2469354 -8.106581 1.0 20.0 0.0 0.0 0.6 1.0
317.1032 622.975 1.2250345 -3.6803634 1.0 20.0 0.0 0.0 0.6 1.0
74.00228 633.6611 4.5805197 7.657014 1.0 20.0 0.0 0.0 0.6 1.0
306.49393 550.79663 3.4257655 -6.752612 1.0 20.0 0.0 0.0 0.6 1.0
269.04385 538.01 1.2787831 -6.73433 1.0 20.0 0.0 0.0 0.6 1.0
364.35837 567.3204 -1.0933987 -4.6025524 1.0 20.0 0.0 0.0 0.6 1.0
284.50348 534.5346 3.0223093 -9.41996 1.0 20.0 0.0 0.0 0.6 1.0
271.4669 539.3151 0.3938529 -8.365446 1.0 20.0 0.0 0.0 0.6 1.0
301.2106 503.11664 -0.69366336 -5.4543242 1.0 20.0 0.0 0.0 0.6 1.0
275.4064 588.3098 -0.2507494 -3.164748 1.0 20.0 0.0 0.0 0.6 1.0
318.791 609.60284 1.9270134 -6.247757 1.0 20.0 0.0 0.0 0.6 1.0
353.03287 573.40643 1.684347 -4.0225606 1.0 20.0 0.0 0.0 0.6 1.0
65.08161 687.4295 4.467923 9.299677 1.0 20.0 0.0 0.0 0.6 1.0
257.67728 557.49786 -5.232423 -4.1738853 1.0 20.0 0.0 0.0 0.6 1.0
328.99243 555.8744 2.5699875 -1.1510183 1.0 20.0 0.0 0.0 0.6 1.0
306.78033 537.0271 -0.5488701 -7.933004 1.0 20.0 0.0 0.0 0.6 1.0
286.20502 597.0492 -0.29777378 -4.3476987 1.0 20.0 0.0 0.0 0.6 1.0
302.16238 565.2467 3.8512957 -3.7420762 1.0 20.0 0.0 0.0 0.6 1.0
362.1453 583.8665 -0.6050436 -6.0632596 1.0 20.0 0.0 0.0 0.6 1.0
285.2977 506.50854 0.52110153 -7.2112036 1.0 20.0 0.0 0.0 0.6 1.0
313.57388 575.1818 3.4699166 -3.394057 1.0 20.0 0.0 0.0 0.6 1.0
93.57876 703.0359 3.83981 7.319292 1.0 20.0 0.0 0.0 0.6 1.0
289.71738 632.9264 -0.5252785 -2.5920475 1.0 20.0 0.0 0.0 0.6 1.0
282.2392 547.5233 1.9373004 -8.980688 1.0 20.0 0.0 0.0 0.6 1.0
299.9083 578.7826 2.6379538 -3.7154465 1.0 20.0 0.0 0.0 0.6 1.0
103.17153 710.1296 3.8442376 7.9990625 1.0 20.0 0.0 0.0 0.6 1.0
347.11014 600.9673 1.2575471 -8.20127 1.0 20.0 0.0 0.0 0.6 1.0
94.47357 663.6087 3.4342353 7.1570163 1.0 20.0 0.0 0.0 0.6 1.0
295.54062 527.927 6.463596e-2 -7.7703705 1.0 20.0 0.0 0.0 0.6 1.0
274.89166 512.0882 5.679143 -2.081531 1.0 20.0 0.0 0.0 0.6 1.0
345.5015 599.74384 2.0522456 -7.499529 1.0 20.0 0.0 0.0 0.6 1.0
337.9576 579.0956 3.095061 -5.251854 1.0 20.0 0.0 0.0 0.6 1.0
96.84231 702.4533 3.6178415 7.6050234 1.0 20.0 0.0 0.0 0.6 1.0
106.96734 662.44366 3.509149 7.5942936 1.0 20.0 0.0 0.0 0.6 1.0
345.91464 507.65128 6.621722 -7.774736 1.0 20.0 0.0 0.0 0.6 1.0
112.60847 687.0965 3.4957342 7.341433 1.0 20.0 0.0 0.0 0.6 1.0
335.97842 500.47272 4.6574025 -5.4216914 1.0 20.0 0.0 0.0 0.6 1.0
286.38663 520.4096 3.4686267 -5.4712944 1.0 20.0 0.0 0.0 0.6 1.0
330.0762 618.17645 2.9252112 -3.8954937 1.0 20.0 0.0 0.0 0.6 1.0
314.51416 637.6331 2.200362e-2 -0.9754983 1.0 20.0 0.0 0.0 0.6 1.0
367.80515 607.6585 -1.0579605 -5.207563 1.0 20.0 0.0 0.0 0.6 1.0
318.4137 544.96924 1.0176907 -5.0811243 1.0 20.0 0.0 0.0 0.6 1.0
82.39065 656.4664 3.802789 8.272282 1.0 20.0 0.0 0.0 0.6 1.0
292.5849 621.64716 -1.4235405 -4.336933 1.0 20.0 0.0 0.0 0.6 1.0
79.93156 668.95355 4.226435 7.4139333 1.0 20.0 0.0 0.0 0.6 1.0
312.04004 587.6996 2.6028452 -5.900601 1.0 20.0 0.0 0.0 0.6 1.0
298.24228 593.1779 0.54638106 -4.9244347 1.0 20.0 0.0 0.0 0.6 1.0
339.3527 577.2384 2.7446373 -5.258175 1.0 20.0 0.0 0.0 0.6 1.0
282.55005 535.01605 1.4423846 -9.186032 1.0 20.0 0.0 0.0 0.6 1.0
366.74692 568.5249 6.686556e-2 -3.6631188 1.0 20.0 0.0 0.0 0.6 1.0
310.82562 586.6455 2.3348193 -6.4089246 1.0 20.0 0.0 0.0 0.6 1.0
361.18927 532.7472 0.31674135 -6.4716673 1.0 20.0 0.0 0.0 0.6 1.0
69.73366 646.9786 3.6955867 8.298502 1.0 20.0 0.0 0.0 0.6 1.0
266.32855 552.4744 0.63661313 -7.0254617 1.0 20.0 0.0 0.0 0.6 1.0
262.2584 516.7631 2.912754 -6.8201737 1.0 20.0 0.0 0.0 0.6 1.0
281.00705 549.4718 2.1021097 -9.593373 1.0 20.0 0.0 0.0 0.6 1.0
322.0429 597.49445 2.649424 -7.605808 1.0 20.0 0.0 0.0 0.6 1.0
345.33774 534.844 2.2117658 -1.1200578 1.0 20.0 0.0 0.0 0.6 1.0
325.90002 568.95374 3.2434072 -2.7565446 1.0 20.0 0.0 0.0 0.6 1.0
271.75583 600.66724 -1.1762737 -5.669864 1.0 20.0 0.0 0.0 0.6 1.0
83.736565 691.0473 4.846805 7.3224554 1.0 20.0 0.0 0.0 0.6 1.0
288.23618 494.426 -1.789936 1.8556921 1.0 20.0 0.0 0.0 0.6 1.0
97.0208 650.21265 3.5239887 7.8324256 1.0 20.0 0.0 0.0 0.6 1.0
355.37848 27.339375 -3.9778225 6.465035 1.0 20.0 0.0 0.0 0.6 1.0
313.96494 510.63843 2.5250015 -5.3920207 1.0 20.0 0.0 0.0 0.6 1.0
70.090614 693.68835 3.9184594 5.9210806 1.0 20.0 0.0 0.0 0.6 1.0
327.75784 567.6457 3.4174 -3.1824248 1.0 20.0 0.0 0.0 0.6 1.0
320.2715 532.619 -2.3317757 -7.176534 1.0 20.0 0.0 0.0 0.6 1.0
370.89813 591.0358 -2.3004284 -5.8683767 1.0 20.0 0.0 0.0 0.6 1.0
120.712845 680.08923 4.2279487 8.473296 1.0 20.0 0.0 0.0 0.6 1.0
72.46014 645.8436 5.0757565 8.318194 1.0 20.0 0.0 0.0 0.6 1.0
123.21647 664.46814 4.981963 8.784717 1.0 20.0 0.0 0.0 0.6 1.0
357.15018 611.5226 0.23736347 -6.408482 1.0 20.0 0.0 0.0 0.6 1.0
305.3278 614.5144 -0.8687466 -5.766184 1.0 20.0 0.0 0.0 0.6 1.0
336.6357 513.66516 9.531066e-2 -9.330159 1.0 20.0 0.0 0.0 0.6 1.0
314.0404 495.80295 3.8644178 -3.708004 1.0 20.0 0.0 0.0 0.6 1.0
117.06253 671.4906 3.6091678 7.5426636 1.0 20.0 0.0 0.0 0.6 1.0
300.50946 489.9972 6.365605 -5.930475 1.0 20.0 0.0 0.0 0.6 1.0
94.936356 628.68835 3.8452375 9.337844 1.0 20.0 0.0 0.0 0.6 1.0
294.6992 541.45294 2.62113 -9.264635 1.0 20.0 0.0 0.0 0.6 1.0
342.6231 613.6032 2.4740813 -5.1238 1.0 20.0 0.0 0.0 0.6 1.0
74.65592 669.57996 3.703494 7.6464114 1.0 20.0 0.0 0.0 0.6 1.0
290.59106 569.8585 2.385078 -2.443516 1.0 20.0 0.0 0.0 0.6 1.0
253.99597 571.6102 -3.2187338 -4.847258 1.0 20.0 0.0 0.0 0.6 1.0
79.22581 704.0665 3.6954312 7.552641 1.0 20.0 0.0 0.0 0.6 1.0
85.63832 488.02798 26.168844 29.356232 1.0 20.0 0.0 0.0 0.6 1.0
303.70865 564.7163 4.3468404 -4.0513253 1.0 20.0 0.0 0.0 0.6 1.0
369.0252 539.9124 3.0910869 -3.5400908 1.0 20.0 0.0 0.0 0.6 1.0
303.10468 487.44592 5.9205556 -1.2550521 1.0 20.0 0.0 0.0 0.6 1.0
283.17407 532.38556 2.4261453 -8.362628 1.0 20.0 0.0 0.0 0.6 1.0
297.91916 527.9593 2.2169752 -7.855951 1.0 20.0 0.0 0.0 0.6 1.0
346.68994 520.0701 3.4596653 -3.108873 1.0 20.0 0.0 0.0 0.6 1.0
253.57623 582.6736 0.75108176 -6.7930017 1.0 20.0 0.0 0.0 0.6 1.0
13.542392 541.3878 5.907849 8.692635 1.0 20.0 0.0 0.0 0.6 1.0
309.27493 599.52155 0.7843051 -7.3586698 1.0 20.0 0.0 0.0 0.6 1.0
87.02363 678.0922 3.9374003 6.978429 1.0 20.0 0.0 0.0 0.6 1.0
105.44759 661.2039 3.462481 7.45493 1.0 20.0 0.0 0.0 0.6 1.0
103.28386 674.37146 3.6471446 7.123944 1.0 20.0 0.0 0.0 0.6 1.0
342.34488 615.5776 2.3789937 -6.5417533 1.0 20.0 0.0 0.0 0.6 1.0
343.26904 551.2214 2.6206584 0.3003816 1.0 20.0 0.0 0.0 0.6 1.0
254.34676 568.80225 -3.3960407 -4.9410005 1.0 20.0 0.0 0.0 0.6 1.0
31.804129 626.20074 8.854605 56.25975 1.0 20.0 0.0 0.0 0.6 1.0
73.53482 683.08826 4.6756735 7.616191 1.0 20.0 0.0 0.0 0.6 1.0
365.19308 554.5276 0.42796475 -3.1689632 1.0 20.0 0.0 0.0 0.6 1.0
314.1064 485.47067 -0.1452108 0.18024349 1.0 20.0 0.0 0.0 0.6 1.0
279.66602 624.9374 -0.5753991 -4.570279 1.0 20.0 0.0 0.0 0.6 1.0
98.78674 687.7806 3.8844209 7.3309793 1.0 20.0 0.0 0.0 0.6 1.0
95.054214 651.2757 3.7234993 7.9920516 1.0 20.0 0.0 0.0 0.6 1.0
68.77514 658.91425 5.5224075 7.7508364 1.0 20.0 0.0 0.0 0.6 1.0
293.05353 558.1625 2.906092 -6.694506 1.0 20.0 0.0 0.0 0.6 1.0
292.65482 555.4033 3.5191946 -5.843273 1.0 20.0 0.0 0.0 0.6 1.0
329.4031 553.7426 2.7626665 -1.6564305 1.0 20.0 0.0 0.0 0.6 1.0
311.0604 509.83002 3.2556715 -5.418143 1.0 20.0 0.0 0.0 0.6 1.0
348.90695 585.6966 2.28398 -6.6937227 1.0 20.0 0.0 0.0 0.6 1.0
289.5196 491.62375 5.605329 -6.409442 1.0 20.0 0.0 0.0 0.6 1.0
324.216 506.23413 0.5911132 -9.071908 1.0 20.0 0.0 0.0 0.6 1.0
88.95676 677.09955 3.8662157 7.117291 1.0 20.0 0.0 0.0 0.6 1.0
76.189316 638.7815 4.685706 7.739478 1.0 20.0 0.0 0.0 0.6 1.0
325.5976 583.32764 3.6126492 -5.7737656 1.0 20.0 0.0 0.0 0.6 1.0
113.807755 708.3749 3.9712677 7.7556562 1.0 20.0 0.0 0.0 0.6 1.0
280.3631 547.035 2.742702 -8.611974 1.0 20.0 0.0 0.0 0.6 1.0
108.00002 660.4718 4.027301 7.6038 1.0 20.0 0.0 0.0 0.6 1.0
79.56307 667.22595 4.256236 7.3389254 1.0 20.0 0.0 0.0 0.6 1.0
262.02878 579.9428 -1.1366866 -3.5429945 1.0 20.0 0.0 0.0 0.6 1.0
353.86374 622.92834 1.8909516 -4.5450473 1.0 20.0 0.0 0.0 0.6 1.0
106.29962 698.0594 3.938145 7.211849 1.0 20.0 0.0 0.0 0.6 1.0
333.2695 526.01215 -1.1209011 -5.122295 1.0 20.0 0.0 0.0 0.6 1.0
277.45038 498.52032 5.2147436 -0.6378154 1.0 20.0 0.0 0.0 0.6 1.0
361.20004 581.61804 -0.48747286 -5.4556417 1.0 20.0 0.0 0.0 0.6 1.0
302.10464 500.96994 1.3869133 -3.610213 1.0 20.0 0.0 0.0 0.6 1.0
284.22305 597.9901 -1.094064 -3.941308 1.0 20.0 0.0 0.0 0.6 1.0
296.22903 604.7616 -0.6116473 -6.6438165 1.0 20.0 0.0 0.0 0.6 1.0
99.124115 637.74115 3.4746602 8.73431 1.0 20.0 0.0 0.0 0.6 1.0
278.36786 560.9973 2.1841104 -4.260865 1.0 20.0 0.0 0.0 0.6 1.0
82.04098 692.6202 4.0678096 7.2679744 1.0 20.0 0.0 0.0 0.6 1.0
90.15922 713.4444 4.2447577 7.8809695 1.0 20.0 0.0 0.0 0.6 1.0
260.32626 593.1816 0.50394195 -4.538671 1.0 20.0 0.0 0.0 0.6 1.0
312.78732 508.34378 2.722179 -5.869962 1.0 20.0 0.0 0.0 0.6 1.0
355.63766 544.68005 3.906382 -1.1791748 1.0 20.0 0.0 0.0 0.6 1.0
274.05313 587.05084 -4.2308703e-2 -3.0445955 1.0 20.0 0.0 0.0 0.6 1.0
115.28672 672.9405 3.9414523 7.755593 1.0 20.0 0.0 0.0 0.6 1.0
299.65054 591.16235 0.84107566 -5.757114 1.0 20.0 0.0 0.0 0.6 1.0
346.7253 522.8751 2.415302 -6.6794767 1.0 20.0 0.0 0.0 0.6 1.0
345.16025 601.83984 2.2498949 -8.791418 1.0 20.0 0.0 0.0 0.6 1.0
272.8584 589.1132 1.1670678 -4.275604 1.0 20.0 0.0 0.0 0.6 1.0
350.68152 623.30176 1.6949096 -4.232178 1.0 20.0 0.0 0.0 0.6 1.0
354.0346 560.7431 2.056528 -0.6899621 1.0 20.0 0.0 0.0 0.6 1.0
275.48032 574.3511 0.8236124 -1.5279644 1.0 20.0 0.0 0.0 0.6 1.0
261.50354 605.77185 8.834863e-2 -4.278988 1.0 20.0 0.0 0.0 0.6 1.0
316.56293 558.7403 3.6963425 -3.8342764 1.0 20.0 0.0 0.0 0.6 1.0
314.8573 573.27856 4.153372 -3.8500338 1.0 20.0 0.0 0.0 0.6 1.0
373.66602 573.40173 -2.649485 -2.638842 1.0 20.0 0.0 0.0 0.6 1.0
272.63962 511.39032 4.629841 -2.8153133 1.0 20.0 0.0 0.0 0.6 1.0
270.76483 524.196 3.900952 -5.43682 1.0 20.0 0.0 0.0 0.6 1.0
332.53143 539.75903 0.74808437 -3.0980453 1.0 20.0 0.0 0.0 0.6 1.0
84.58212 629.43646 4.3160167 8.2214575 1.0 20.0 0.0 0.0 0.6 1.0
106.685036 650.2519 3.5260053 7.7036967 1.0 20.0 0.0 0.0 0.6 1.0
331.8891 620.15796 1.7612984 -5.651931 1.0 20.0 0.0 0.0 0.6 1.0
314.93808 560.6286 3.0630527 -3.073341 1.0 20.0 0.0 0.0 0.6 1.0
125.44956 680.5198 4.5146036 8.368903 1.0 20.0 0.0 0.0 0.6 1.0
355.80035 523.5142 0.8000657 -5.911165 1.0 20.0 0.0 0.0 0.6 1.0
323.0425 582.9911 3.6797323 -5.907059 1.0 20.0 0.0 0.0 0.6 1.0
345.30466 502.77884 4.641566 -8.139382 1.0 20.0 0.0 0.0 0.6 1.0
311.67673 522.5077 0.782971 -7.9189672 1.0 20.0 0.0 0.0 0.6 1.0
88.19749 640.9022 4.1969295 8.046261 1.0 20.0 0.0 0.0 0.6 1.0
264.54648 578.1006 -1.2352978 -3.0217597 1.0 20.0 0.0 0.0 0.6 1.0
98.06559 712.7403 3.8666215 7.961889 1.0 20.0 0.0 0.0 0.6 1.0
312.26013 493.5419 1.7501287 -7.0882206 1.0 20.0 0.0 0.0 0.6 1.0
327.77905 633.1005 3.7639265 -0.52578217 1.0 20.0 0.0 0.0 0.6 1.0
299.89685 500.81818 1.0099336 -2.1271548 1.0 20.0 0.0 0.0 0.6 1.0
268.6473 551.9041 -1.0752171 -6.1744323 1.0 20.0 0.0 0.0 0.6 1.0
74.96533 680.8084 4.6034775 7.306415 1.0 20.0 0.0 0.0 0.6 1.0
317.58456 624.46246 1.4618601 -2.9584908 1.0 20.0 0.0 0.0 0.6 1.0
308.7989 536.2857 1.1387057 -9.007614 1.0 20.0 0.0 0.0 0.6 1.0
296.44888 607.022 -0.36413628 -5.5298395 1.0 20.0 0.0 0.0 0.6 1.0
324.10233 518.1636 -1.941174 -9.404629 1.0 20.0 0.0 0.0 0.6 1.0
115.08181 670.5836 3.773907 7.882673 1.0 20.0 0.0 0.0 0.6 1.0
294.5749 606.14703 -1.6557437 -6.0575624 1.0 20.0 0.0 0.0 0.6 1.0
292.8332 618.5188 -1.1546426 -4.5714164 1.0 20.0 0.0 0.0 0.6 1.0
117.97752 704.9798 2.8357537 7.6095634 1.0 20.0 0.0 0.0 0.6 1.0
320.1482 546.1152 1.783753 -5.300584 1.0 20.0 0.0 0.0 0.6 1.0
303.2766 629.30347 -5.6083813e-2 -3.4022183 1.0 20.0 0.0 0.0 0.6 1.0
96.93358 640.47876 4.377413 8.003123 1.0 20.0 0.0 0.0 0.6 1.0
288.86896 569.48505 2.7592535 -2.564933 1.0 20.0 0.0 0.0 0.6 1.0
121.8083 695.0546 3.9763908 7.821822 1.0 20.0 0.0 0.0 0.6 1.0
328.40625 504.46637 1.3351799 -7.6292696 1.0 20.0 0.0 0.0 0.6 1.0
320.1054 612.0602 1.0456164 -6.790398 1.0 20.0 0.0 0.0 0.6 1.0
331.15765 541.2462 0.35354388 -2.4932933 1.0 20.0 0.0 0.0 0.6 1.0
359.07837 597.66327 -0.32339588 -6.8116093 1.0 20.0 0.0 0.0 0.6 1.0
350.4417 511.31577 4.0318837 -11.280223 1.0 20.0 0.0 0.0 0.6 1.0
264.3193 567.2239 0.3366006 -5.575618 1.0 20.0 0.0 0.0 0.6 1.0
85.47126 691.97504 4.1966505 7.2824183 1.0 20.0 0.0 0.0 0.6 1.0
127.904274 667.52856 4.1368275 7.818003 1.0 20.0 0.0 0.0 0.6 1.0
331.8347 606.0888 3.015644 -8.049748 1.0 20.0 0.0 0.0 0.6 1.0
360.48663 595.9329 -0.7028958 -6.1021066 1.0 20.0 0.0 0.0 0.6 1.0
96.94736 652.39624 3.5410135 7.839151 1.0 20.0 0.0 0.0 0.6 1.0
312.64944 572.4444 3.0892818 -4.227999 1.0 20.0 0.0 0.0 0.6 1.0
266.95062 506.0417 -1.1270574 -7.9692035 1.0 20.0 0.0 0.0 0.6 1.0
61.74594 680.1442 4.860604 5.618352 1.0 20.0 0.0 0.0 0.6 1.0
376.73514 549.19476 0.9368112 -8.281364 1.0 20.0 0.0 0.0 0.6 1.0
81.42068 654.64307 3.7135382 7.8526816 1.0 20.0 0.0 0.0 0.6 1.0
341.93002 549.6073 2.8935626 0.3942173 1.0 20.0 0.0 0.0 0.6 1.0
281.0302 611.2256 -1.5806462 -4.7051325 1.0 20.0 0.0 0.0 0.6 1.0
335.34152 526.47644 -2.5700185 -6.2597256 1.0 20.0 0.0 0.0 0.6 1.0
336.9638 577.0914 3.613994 -5.0452037 1.0 20.0 0.0 0.0 0.6 1.0
363.60098 582.2753 -0.30276513 -5.2920794 1.0 20.0 0.0 0.0 0.6 1.0
273.22684 602.3632 -0.546541 -4.520927 1.0 20.0 0.0 0.0 0.6 1.0
380.23615 569.5134 -0.3687228 -3.1967626 1.0 20.0 0.0 0.0 0.6 1.0
276.1619 500.39972 5.7425265 -4.278608 1.0 20.0 0.0 0.0 0.6 1.0
320.55984 609.3111 1.5617819 -6.619421 1.0 20.0 0.0 0.0 0.6 1.0
110.23364 685.0377 4.075784 7.762342 1.0 20.0 0.0 0.0 0.6 1.0
192.941 573.3137 -14.721145 60.780064 1.0 20.0 0.0 0.0 0.6 1.0
307.12958 613.85266 -0.13365042 -6.1009116 1.0 20.0 0.0 0.0 0.6 1.0
269.34286 553.89404 -1.2261801 -7.4550166 1.0 20.0 0.0 0.0 0.6 1.0
331.06284 555.1218 2.9497764 -1.6359516 1.0 20.0 0.0 0.0 0.6 1.0
349.95792 587.651 1.6553376 -7.753941 1.0 20.0 0.0 0.0 0.6 1.0
341.22482 565.1701 2.3620942 -1.1385765 1.0 20.0 0.0 0.0 0.6 1.0
334.5878 513.3255 -0.12952387 -8.794536 1.0 20.0 0.0 0.0 0.6 1.0
324.6266 489.6747 0.31157643 -3.830247 1.0 20.0 0.0 0.0 0.6 1.0
265.80066 565.09875 -1.2054017 -2.4518332 1.0 20.0 0.0 0.0 0.6 1.0
344.0652 549.2827 2.873889 2.1034509e-2 1.0 20.0 0.0 0.0 0.6 1.0
70.62888 659.69916 5.290525 7.545568 1.0 20.0 0.0 0.0 0.6 1.0
64.695145 672.84717 5.2560196 8.463729 1.0 20.0 0.0 0.0 0.6 1.0
118.74724 655.3886 3.4260035 8.039889 1.0 20.0 0.0 0.0 0.6 1.0
276.02402 514.7067 4.1838207 -5.6227093 1.0 20.0 0.0 0.0 0.6 1.0
269.3185 614.19617 -0.9979343 -7.286618 1.0 20.0 0.0 0.0 0.6 1.0
83.7515 640.45337 3.834359 8.837006 1.0 20.0 0.0 0.0 0.6 1.0
368.96896 528.5936 4.8987617 -5.5826654 1.0 20.0 0.0 0.0 0.6 1.0
88.915306 701.47534 5.0310845 7.826455 1.0 20.0 0.0 0.0 0.6 1.0
295.36957 543.4563 2.7540393 -8.892311 1.0 20.0 0.0 0.0 0.6 1.0